t,count,max,mean,min,stddev,p50,p75,p95,p98,p99,p999,mean_rate,m1_rate,m5_rate,m15_rate,rate_unit,duration_unit
1593706990,38,0.013795,0.004812,0.002192,0.002504,0.004183,0.004538,0.013678,0.013795,0.013795,0.013795,38.483346,0.000000,0.000000,0.000000,calls/second,milliseconds
1593706995,40,152.514898,4.048583,0.002192,24.502329,0.004245,0.004697,0.013795,152.514898,152.514898,152.514898,6.698447,8.000000,8.000000,8.000000,calls/second,milliseconds
1593707000,46,152.514898,10.230831,0.000997,33.087065,0.004312,0.005038,92.447143,152.514898,152.514898,152.514898,4.198312,7.456302,7.887606,7.962327,calls/second,milliseconds
1593707005,48,152.514898,14.113421,0.000997,36.518560,0.004327,0.005187,92.447143,152.514898,152.514898,152.514898,3.005654,6.892111,7.763847,7.920431,calls/second,milliseconds
1593707010,69,152.514898,12.279893,0.000203,32.244970,0.004131,0.011831,92.447143,133.954673,152.514898,152.514898,3.272707,6.660871,7.701636,7.898711,calls/second,milliseconds
1593707015,123,152.514898,8.095619,0.000199,24.817225,0.000618,0.004538,62.381490,93.222690,133.954673,152.514898,4.731849,6.879879,7.729707,7.907028,calls/second,milliseconds
1593707020,130,152.514898,8.062621,0.000199,24.456348,0.000611,0.004451,62.381490,93.222690,133.954673,152.514898,4.181984,6.473715,7.631698,7.873194,calls/second,milliseconds
1593707025,203,152.514898,5.768014,0.000199,20.067612,0.000486,0.003337,49.910666,89.709625,93.222690,152.514898,5.646037,7.139448,7.750179,7.911570,calls/second,milliseconds
1593707030,216,152.514898,6.377087,0.000199,19.863752,0.000505,0.003983,49.394820,89.187177,93.222690,152.514898,5.275256,6.808476,7.671666,7.884359,calls/second,milliseconds
1593707035,233,152.514898,7.504327,0.000199,19.999412,0.000555,0.004441,49.394820,89.187177,93.222690,152.514898,5.070176,6.535949,7.601061,7.859515,calls/second,milliseconds
1593707040,234,152.514898,7.458777,0.000199,19.947104,0.000556,0.004370,49.394820,89.187177,93.222690,152.514898,4.587920,6.077328,7.488650,7.820404,calls/second,milliseconds
1593707045,276,152.514898,6.591171,0.000199,18.613758,0.000488,0.003900,49.394820,57.821450,92.447143,152.514898,4.932233,6.263039,7.503713,7.823615,calls/second,milliseconds
1593707050,286,388.125997,8.619713,0.000199,33.376544,0.000501,0.003884,51.275825,89.187177,133.954673,388.125997,4.690523,5.922185,7.412745,7.791351,calls/second,milliseconds
1593707055,295,398.160866,10.888740,0.000199,43.198271,0.000505,0.004183,52.029109,92.447143,388.125997,398.160866,4.473440,5.544620,7.310057,7.754834,calls/second,milliseconds
1593707060,300,398.160866,12.090168,0.000199,44.050711,0.000515,0.004327,57.188222,127.782085,388.125997,398.160866,4.224960,5.213234,7.212372,7.719628,calls/second,milliseconds
1593707065,307,398.160866,12.308192,0.000199,43.503765,0.000546,0.004697,57.821450,98.120990,152.514898,398.160866,4.042333,4.892354,7.112997,7.683508,calls/second,milliseconds
1593707070,337,398.160866,11.424631,0.000199,40.701820,0.000503,0.004183,58.727487,98.120990,133.954673,398.160866,4.164363,4.948934,7.087989,7.671965,calls/second,milliseconds
1593707075,342,398.160866,11.350270,0.000199,40.177121,0.000506,0.004286,57.821450,98.120990,133.954673,398.160866,3.980409,4.697159,7.000586,7.639433,calls/second,milliseconds
1593707080,344,398.160866,11.470550,0.000199,40.030437,0.000515,0.004312,57.821450,98.120990,133.954673,398.160866,3.783659,4.353577,6.891488,7.599326,calls/second,milliseconds
1593707085,358,398.160866,12.587333,0.000199,40.013356,0.000555,0.004538,69.646798,105.193473,133.954673,398.160866,3.732464,4.133413,6.804028,7.566089,calls/second,milliseconds
1593707090,423,398.160866,11.537829,0.000158,36.008733,0.000515,0.003792,78.372612,98.120990,127.782085,398.160866,4.191490,4.794373,6.896521,7.592869,calls/second,milliseconds
1593707095,449,398.160866,12.102594,0.000158,35.146648,0.000516,0.004312,69.646798,93.222690,105.193473,398.160866,4.238930,4.922752,6.888314,7.586261,calls/second,milliseconds
1593707100,459,398.160866,12.930862,0.000158,35.413260,0.000533,0.005187,80.055678,92.447143,105.193473,398.160866,4.138244,4.657079,6.800906,7.553096,calls/second,milliseconds
1593707105,508,398.160866,11.573808,0.000158,32.755981,0.000466,0.003983,69.646798,86.366983,105.055692,398.160866,4.382289,4.956347,6.827337,7.557788,calls/second,milliseconds
1593707110,518,398.160866,12.509173,0.000158,33.228078,0.000475,0.004835,80.055678,89.709625,105.770840,398.160866,4.283809,4.895873,6.783911,7.539185,calls/second,milliseconds
1593707115,531,398.160866,13.391435,0.000158,33.418102,0.000503,2.063596,80.881917,89.187177,105.770840,398.160866,4.216449,4.696314,6.711451,7.510713,calls/second,milliseconds
1593707120,570,398.160866,14.416461,0.000158,34.016691,0.000503,5.883741,85.883181,105.055692,105.770840,398.160866,4.353975,4.944471,6.729443,7.512316,calls/second,milliseconds
1593707125,575,398.160866,15.095046,0.000158,34.337357,0.000508,12.887459,85.956149,105.055692,105.770840,398.160866,4.230507,4.661071,6.641355,7.478453,calls/second,milliseconds
1593707130,583,398.160866,15.320215,0.000158,34.167133,0.000516,13.561223,85.883181,104.685669,105.770840,398.160866,4.137275,4.400330,6.554723,7.444777,calls/second,milliseconds
1593707135,645,398.160866,12.521645,0.000158,31.294055,0.000404,0.004071,83.948219,99.031643,105.266350,398.160866,4.420402,5.039948,6.651337,7.472230,calls/second,milliseconds
1593707140,661,398.160866,13.292791,0.000158,31.542240,0.000427,1.154677,85.869295,104.685669,106.993059,388.125997,4.379190,4.892834,6.594291,7.448561,calls/second,milliseconds
1593707145,678,398.160866,13.739963,0.000158,31.311211,0.000434,8.534368,84.639909,99.031643,105.770840,388.125997,4.348491,4.773474,6.541494,7.426131,calls/second,milliseconds
1593707150,684,398.160866,14.226803,0.000158,31.581188,0.000441,10.106365,83.948219,99.031643,105.770840,388.125997,4.250465,4.487754,6.453207,7.391638,calls/second,milliseconds
1593707155,723,398.160866,13.138840,0.000158,30.188518,0.000401,2.849937,81.145642,96.507709,105.266350,388.125997,4.357620,4.224880,6.366379,7.357335,calls/second,milliseconds
1593707160,729,398.160866,13.444089,0.000158,30.229850,0.000411,8.893016,81.188589,96.507709,105.266350,388.125997,4.265140,4.478749,6.383464,7.357572,calls/second,milliseconds
1593707165,737,398.160866,13.215636,0.000158,29.880078,0.000426,7.250758,81.145642,96.507709,105.266350,388.125997,4.189562,4.280559,6.311011,7.327890,calls/second,milliseconds
1593707170,746,398.160866,13.798377,0.000158,30.052785,0.000434,12.133002,81.037956,96.507709,105.266350,388.125997,4.123282,4.066233,6.233145,7.296156,calls/second,milliseconds
1593707175,753,398.160866,14.301386,0.000158,30.296195,0.000459,13.696379,81.188589,96.507709,105.266350,388.125997,4.050314,3.869044,6.156566,7.264599,calls/second,milliseconds
1593707180,794,398.160866,12.861813,0.000156,28.460607,0.000395,7.250758,80.055678,91.964841,105.055692,388.125997,4.158853,4.215328,6.190341,7.269781,calls/second,milliseconds
1593707185,803,398.160866,13.533685,0.000156,28.789462,0.000416,13.696379,81.145642,91.170371,105.055692,388.125997,4.098790,4.006218,6.114469,7.238370,calls/second,milliseconds
1593707190,829,398.160866,13.441587,0.000156,28.524628,0.000426,13.870374,84.639909,91.170371,104.685669,152.514898,4.126124,3.973739,6.072909,7.218212,calls/second,milliseconds
1593707195,836,398.160866,13.579543,0.000156,28.338996,0.000434,16.063489,81.188589,91.170371,104.685669,152.514898,4.059598,3.927865,6.028730,7.197059,calls/second,milliseconds
1593707200,875,398.160866,12.805135,0.000156,27.522986,0.000368,10.106365,81.188589,88.048966,99.031643,133.954673,4.148523,4.221473,6.054700,7.199291,calls/second,milliseconds
1593707205,881,398.160866,13.488811,0.000156,28.031403,0.000386,15.001868,83.968022,88.048966,99.031643,133.954673,4.080220,3.947907,5.967848,7.163838,calls/second,milliseconds
1593707210,894,398.160866,13.734950,0.000156,28.223827,0.000406,16.063489,83.968022,89.187177,105.193473,133.954673,4.046821,3.856125,5.915488,7.139662,calls/second,milliseconds
1593707215,900,398.160866,15.265768,0.000156,30.097598,0.000431,19.888871,85.956149,105.355156,107.431490,133.954673,3.983608,3.675736,5.844159,7.108971,calls/second,milliseconds
1593707220,907,398.160866,16.418911,0.000156,31.026165,0.000473,24.743368,86.266081,105.355156,107.431490,133.954673,3.927777,3.477787,5.767398,7.076235,calls/second,milliseconds
1593707225,912,398.160866,16.235378,0.000156,30.792827,0.000475,24.743368,86.205781,105.287782,107.431490,133.954673,3.865687,3.263683,5.685294,7.041464,calls/second,milliseconds
1593707230,947,398.160866,15.794790,0.000156,30.766373,0.000426,21.450578,86.999397,105.355156,107.099461,127.782085,3.930747,3.546431,5.703719,7.040126,calls/second,milliseconds
1593707235,959,398.160866,17.271091,0.000156,31.844872,0.000453,26.493996,91.402173,106.665928,107.099461,127.782085,3.899591,3.470759,5.652419,7.015527,calls/second,milliseconds
1593707240,967,398.160866,17.206580,0.000156,31.495799,0.000453,26.636674,91.170371,106.665928,107.099461,127.782085,3.853909,3.353163,5.592049,6.987740,calls/second,milliseconds
1593707245,976,398.160866,18.620407,0.000156,32.540494,0.000498,29.631439,96.146682,106.569561,107.099461,127.782085,3.813774,3.212988,5.526067,6.957891,calls/second,milliseconds
1593707250,986,398.160866,19.475203,0.000156,32.794070,0.000607,33.453119,96.146682,106.569561,106.993059,125.038128,3.778712,3.116003,5.467786,6.930424,calls/second,milliseconds
1593707255,1008,398.160866,19.168609,0.000156,32.611055,0.000564,33.201897,104.384079,105.770840,106.980803,125.038128,3.790696,3.234657,5.453443,6.917513,calls/second,milliseconds
1593707260,1012,398.160866,20.133602,0.000156,33.014625,0.000650,36.157579,99.031643,105.770840,106.980803,125.038128,3.735542,3.024001,5.373222,6.882513,calls/second,milliseconds
1593707265,1021,398.160866,22.239023,0.000156,33.687031,0.000821,40.561842,96.146682,105.355156,106.980803,125.038128,3.700354,2.926135,5.314162,6.854355,calls/second,milliseconds
1593707270,1024,398.160866,22.947672,0.000156,33.863123,0.001114,41.768399,96.146682,105.355156,106.980803,125.038128,3.645220,2.740148,5.236244,6.819705,calls/second,milliseconds
1593707275,1025,398.160866,23.182855,0.000156,33.911486,0.001211,42.267752,96.146682,105.355156,106.980803,125.038128,3.584998,2.553040,5.156308,6.784139,calls/second,milliseconds
1593707280,1042,398.160866,21.699912,0.000156,33.066307,0.000738,40.450551,91.402173,105.287782,106.980803,125.038128,3.581827,2.604768,5.123973,6.764282,calls/second,milliseconds
1593707285,1056,398.160866,21.714891,0.000156,32.679272,0.001211,40.231168,87.431993,105.266350,106.665928,125.038128,3.568584,2.620378,5.085561,6.742319,calls/second,milliseconds
1593707290,1094,398.160866,18.633763,0.000156,30.845072,0.000526,29.462074,86.041866,105.210919,106.665928,125.038128,3.635329,2.618749,5.044478,6.719370,calls/second,milliseconds
1593707295,1100,398.160866,19.916801,0.000156,32.055446,0.000578,34.515653,87.431993,106.665928,107.099461,125.038128,3.595528,2.921081,5.066883,6.717601,calls/second,milliseconds
1593707300,1130,398.160866,17.766569,0.000156,30.467256,0.000482,27.183840,86.076589,105.355156,106.980803,125.038128,3.634366,2.911400,5.029415,6.695897,calls/second,milliseconds
1593707305,1136,398.160866,18.178617,0.000156,30.541147,0.000498,28.399981,86.182959,105.287782,106.980803,125.038128,3.595899,3.014430,5.015706,6.682069,calls/second,milliseconds
1593707310,1216,388.125997,15.442414,0.000156,29.575130,0.000401,19.283461,86.182959,105.896529,106.980803,131.974171,3.789093,3.828824,5.150980,6.718179,calls/second,milliseconds
1593707315,1250,388.125997,14.931495,0.000156,29.179306,0.000401,16.063489,86.182959,105.215659,106.908932,131.974171,3.835389,4.290261,5.224516,6.734145,calls/second,milliseconds
1593707320,1270,152.514898,14.663538,0.000156,28.561286,0.000397,16.084048,85.869295,105.210919,106.908932,131.974171,3.837820,4.235071,5.197665,6.716781,calls/second,milliseconds
1593707325,1282,152.514898,15.226279,0.000156,28.681027,0.000429,19.406424,85.664695,105.153351,106.908932,131.974171,3.816489,4.136320,5.161341,6.696190,calls/second,milliseconds
1593707330,1347,152.514898,12.716843,0.000156,26.646745,0.000359,3.564755,81.037956,104.503187,106.569561,131.974171,3.951139,4.605154,5.241317,6.714494,calls/second,milliseconds
1593707335,1393,152.514898,11.938621,0.000156,25.942958,0.000352,0.688733,79.977543,104.384079,105.896529,131.974171,4.027024,5.180422,5.349722,6.742668,calls/second,milliseconds
1593707340,1406,152.514898,12.297096,0.000156,26.225735,0.000354,1.072929,79.782486,104.384079,105.896529,131.974171,4.006706,4.974103,5.304274,6.719717,calls/second,milliseconds
1593707345,1426,152.514898,11.988345,0.000156,26.020936,0.000356,0.221272,79.782486,91.402173,105.355156,131.974171,4.006585,4.880227,5.279410,6.703541,calls/second,milliseconds
1593707350,1450,152.514898,11.908697,0.000156,25.918816,0.000354,0.346409,80.609304,88.370744,105.287782,131.974171,4.017587,4.921786,5.281403,6.696320,calls/second,milliseconds
1593707355,1464,152.514898,12.533369,0.000156,26.083643,0.000364,3.279990,79.782486,88.370744,105.215659,131.974171,4.000951,4.720155,5.233778,6.672517,calls/second,milliseconds
1593707360,1475,152.514898,12.862854,0.000156,26.140529,0.000373,6.876133,79.977543,88.370744,105.210919,131.974171,3.976679,4.518655,5.183634,6.647739,calls/second,milliseconds
1593707365,1486,152.514898,13.452370,0.000156,26.814796,0.000388,10.787657,82.646488,88.048966,105.210919,131.974171,3.952960,4.333265,5.134319,6.623098,calls/second,milliseconds
1593707370,1517,152.514898,12.489026,0.000156,25.800732,0.000390,7.250758,80.609304,87.954210,105.031133,131.974171,3.982543,4.194681,5.092430,6.600809,calls/second,milliseconds
1593707375,1529,152.514898,12.994205,0.000156,25.926266,0.000404,11.545895,79.782486,87.928827,105.031133,131.974171,3.962005,4.339026,5.107431,6.597481,calls/second,milliseconds
1593707380,1540,152.514898,13.758882,0.000156,26.916227,0.000431,14.114084,82.081633,89.624182,105.896529,131.974171,3.939496,4.183990,5.062681,6.574226,calls/second,milliseconds
1593707385,1550,152.514898,14.747893,0.000156,28.249551,0.000448,16.084048,84.342343,105.031133,106.944417,131.974171,3.914955,3.993377,5.008754,6.547776,calls/second,milliseconds
1593707390,1560,152.514898,15.949266,0.000156,29.187241,0.000469,19.858576,84.466255,105.552062,107.099461,131.974171,3.891064,3.865978,4.965635,6.524797,calls/second,milliseconds
1593707395,1607,131.974171,14.201347,0.000156,27.969140,0.000429,13.787871,84.342343,104.503187,106.944417,125.038128,3.958918,4.292462,5.035623,6.539618,calls/second,milliseconds
1593707400,1617,131.974171,14.514620,0.000156,28.125363,0.000446,15.384869,83.968022,104.407224,106.944417,125.038128,3.935105,4.125158,4.988754,6.515576,calls/second,milliseconds
1593707405,1665,131.974171,13.272281,0.000156,27.333852,0.000417,6.876133,82.081633,104.407224,106.908932,115.320629,4.003220,3.987222,4.945966,6.492775,calls/second,milliseconds
1593707410,1726,131.974171,11.561915,0.000156,25.715239,0.000366,0.002802,80.609304,88.370744,105.552062,115.320629,4.100423,5.155596,5.171647,6.559850,calls/second,milliseconds
1593707415,1754,131.974171,11.878081,0.000156,25.964972,0.000368,0.004559,80.652645,89.624182,105.666316,115.320629,4.117996,5.239101,5.188644,6.557857,calls/second,milliseconds
1593707420,1764,131.974171,12.476261,0.000156,26.557673,0.000374,0.688733,82.538777,89.624182,105.666316,115.320629,4.093650,4.996108,5.139246,6.533714,calls/second,milliseconds
1593707425,1815,131.974171,10.987527,0.000158,25.056582,0.000359,0.002751,80.609304,87.857228,105.552062,115.320629,4.163354,5.412189,5.222893,6.554025,calls/second,milliseconds
1593707430,1868,131.974171,10.408879,0.000158,24.249368,0.000356,0.002533,79.814112,85.955286,105.325418,115.320629,4.236627,5.747027,5.295240,6.570901,calls/second,milliseconds
1593707435,1887,131.974171,10.546322,0.000158,24.101411,0.000370,0.004559,79.814112,86.076589,105.325418,115.320629,4.231774,5.639325,5.280443,6.558873,calls/second,milliseconds
1593707440,1964,131.974171,9.322284,0.000157,22.392189,0.000347,0.002001,66.329961,85.916153,89.624182,115.320629,4.355487,6.387763,5.441093,6.605639,calls/second,milliseconds
1593707445,2032,131.974171,8.236130,0.000157,21.042533,0.000329,0.000799,65.511729,85.673844,87.928827,115.320629,4.456701,7.028386,5.589171,6.648821,calls/second,milliseconds
1593707450,2035,144.663643,8.618630,0.000157,22.044932,0.000331,0.000884,65.827258,85.916153,104.407224,144.663643,4.415106,6.498410,5.503402,6.614201,calls/second,milliseconds
1593707455,2042,144.663643,8.779232,0.000157,22.580897,0.000337,0.001222,65.945572,85.946684,105.552062,144.663643,4.382739,6.074772,5.432273,6.584206,calls/second,milliseconds
1593707460,2049,144.663643,9.081682,0.000157,22.598338,0.000341,0.001825,65.913270,85.946684,105.552062,144.663643,4.351003,5.716989,5.368931,6.556592,calls/second,milliseconds
1593707465,2146,144.663643,7.889360,0.000157,22.214115,0.000331,0.000781,64.571377,86.205064,106.944417,144.663643,4.509108,6.811023,5.600844,6.627747,calls/second,milliseconds
1593707470,2151,144.663643,8.136444,0.000157,22.570058,0.000336,0.000884,65.126850,87.954210,106.944417,144.663643,4.472675,6.346399,5.524799,6.596568,calls/second,milliseconds
1593707475,2156,144.663643,8.925833,0.000157,24.327579,0.000338,0.001035,67.770242,93.919930,117.590441,144.663643,4.436946,5.886942,5.443399,6.563346,calls/second,milliseconds
1593707480,2280,144.663643,6.528397,0.000156,21.188849,0.000310,0.000512,49.681613,88.332329,107.433792,144.663643,4.644386,5.624133,5.396402,6.541389,calls/second,milliseconds
1593707485,2283,144.663643,6.694247,0.000156,21.463867,0.000310,0.000524,49.906697,88.641289,107.433792,144.663643,4.603647,7.029421,5.690669,6.633680,calls/second,milliseconds
1593707490,2290,144.663643,7.419455,0.000156,22.911639,0.000312,0.000548,64.600139,104.634198,107.433792,144.663643,4.571627,6.579318,5.619751,6.604685,calls/second,milliseconds
1593707495,2444,144.663643,5.104672,0.000156,19.214183,0.000350,0.001407,39.621533,88.332329,104.896898,144.663643,4.830804,8.515897,6.035944,6.738730,calls/second,milliseconds
1593707500,2458,144.663643,5.358370,0.000156,19.189614,0.000352,0.001440,40.865678,88.332329,104.896898,140.917590,4.810993,8.026897,5.975847,6.714693,calls/second,milliseconds
1593707505,2506,144.663643,5.176473,0.000156,18.564964,0.000342,0.001407,39.745064,85.955286,104.896898,140.917590,4.857415,7.608977,5.923355,6.693005,calls/second,milliseconds
1593707510,2588,144.663643,4.899389,0.000156,18.031507,0.000319,0.001348,39.621533,85.788402,104.835976,140.917590,4.968180,8.855566,6.208913,6.784456,calls/second,milliseconds
1593707515,2593,144.663643,5.094502,0.000156,18.359581,0.000322,0.001367,39.773912,85.946684,104.835976,140.917590,4.930475,8.259452,6.129428,6.754626,calls/second,milliseconds
1593707520,2614,144.663643,5.258749,0.000156,18.508758,0.000324,0.001369,40.160360,85.901516,104.634198,140.917590,4.923582,7.934876,6.097538,6.740473,calls/second,milliseconds
1593707525,2651,144.663643,5.547031,0.000156,19.126591,0.000319,0.001367,41.526569,85.946684,104.634198,140.917590,4.946638,7.908101,6.122371,6.745235,calls/second,milliseconds
1593707530,2659,144.663643,6.358574,0.000156,20.843047,0.000326,0.001403,44.195212,88.641289,107.346883,140.917590,4.915723,7.387742,6.044317,6.715621,calls/second,milliseconds
1593707535,2662,144.663643,7.005088,0.000156,22.165164,0.000327,0.001435,49.906697,104.520146,107.346883,140.917590,4.876134,6.845024,5.954331,6.681740,calls/second,milliseconds
1593707540,2686,144.663643,7.344447,0.000156,22.292203,0.000336,0.001455,50.826883,104.520146,106.999803,140.917590,4.875534,6.665522,5.931945,6.670207,calls/second,milliseconds
1593707545,2693,144.663643,7.912540,0.000156,22.871233,0.000342,0.001480,51.835912,104.634198,106.999803,140.917590,4.844174,6.260505,5.860345,6.642117,calls/second,milliseconds
1593707550,2740,144.663643,7.720741,0.000070,22.848423,0.000314,0.001445,66.309180,104.520146,106.999803,140.917590,4.884891,5.871881,5.786622,6.613075,calls/second,milliseconds
1593707555,2953,140.917590,5.281685,0.000070,18.357466,0.000214,0.000479,41.526569,86.584580,104.634198,107.463625,5.218002,8.728543,6.378565,6.806908,calls/second,milliseconds
1593707560,2961,140.917590,5.538622,0.000070,18.535252,0.000217,0.000518,41.953141,86.584580,104.634198,107.463625,5.186396,8.862186,6.445033,6.826814,calls/second,milliseconds
1593707565,2969,140.917590,6.503599,0.000070,20.677317,0.000220,0.000592,48.351563,89.068279,106.051434,109.313005,5.155273,8.281533,6.364952,6.797857,calls/second,milliseconds
1593707570,2979,140.917590,6.485437,0.000070,20.535531,0.000224,0.000593,48.351563,89.068279,106.051434,109.313005,5.128128,7.779290,6.292806,6.771276,calls/second,milliseconds
1593707575,2988,140.917590,7.126761,0.000070,21.269099,0.000226,0.000739,61.163849,88.332329,106.051434,109.313005,5.099737,7.317203,6.221852,6.744842,calls/second,milliseconds
1593707580,3012,140.917590,7.094040,0.000069,21.015676,0.000224,0.000593,50.498652,88.007379,105.666316,109.313005,5.097188,7.131930,6.201656,6.735175,calls/second,milliseconds
1593707585,3072,140.917590,6.551321,0.000069,20.365911,0.000188,0.000454,50.178477,86.989038,104.896898,109.313005,5.155085,6.593674,6.105763,6.700078,calls/second,milliseconds
1593707590,3077,140.917590,6.788059,0.000069,20.661040,0.000191,0.000493,50.498652,86.989038,104.835976,109.313005,5.120521,7.057923,6.209798,6.731656,calls/second,milliseconds
1593707595,3104,140.917590,7.595749,0.000069,21.884155,0.000200,0.000630,66.491558,88.045572,106.051434,109.313005,5.122856,6.909371,6.193107,6.723170,calls/second,milliseconds
1593707600,3122,140.917590,9.215103,0.000069,24.137312,0.000210,0.001475,85.465395,104.520146,106.984435,126.717201,5.110307,6.612786,6.143636,6.703652,calls/second,milliseconds
1593707605,3176,140.917590,8.853113,0.000069,23.450177,0.000192,0.001328,79.401602,89.068279,106.305103,126.717201,5.156554,6.995551,6.230516,6.729670,calls/second,milliseconds
1593707610,3183,140.917590,9.241792,0.000069,23.944169,0.000197,0.001473,81.385958,104.520146,106.305103,126.717201,5.126239,6.564146,6.153980,6.701251,calls/second,milliseconds
1593707615,3203,140.917590,9.558377,0.000069,24.546689,0.000207,0.001603,85.127414,105.276863,106.305103,126.717201,5.117315,6.119262,6.068792,6.669665,calls/second,milliseconds
1593707620,3214,140.917590,10.436826,0.000069,25.392807,0.000212,0.002111,85.127414,105.276863,106.305103,126.717201,5.094162,5.997788,6.044515,6.658199,calls/second,milliseconds
1593707625,3268,140.917590,9.574230,0.000069,24.427517,0.000188,0.001614,80.791834,105.182958,106.565116,126.717201,5.139048,6.397743,6.126422,6.682253,calls/second,milliseconds
1593707630,3278,140.917590,9.898107,0.000069,24.600566,0.000190,0.001754,80.979190,105.182958,106.565116,126.717201,5.114552,6.062110,6.061524,6.657421,calls/second,milliseconds
1593707635,3291,140.917590,10.007601,0.000069,24.577688,0.000201,0.002137,80.791834,105.182958,106.305103,126.717201,5.095097,5.785295,6.004310,6.634942,calls/second,milliseconds
1593707640,3329,126.717201,9.566668,0.000069,24.138970,0.000182,0.001801,79.660584,105.182958,106.051434,126.717201,5.114320,5.930391,6.030685,6.640289,calls/second,milliseconds
1593707645,3345,126.717201,10.191900,0.000069,24.374842,0.000192,0.002137,79.660584,104.896898,106.051434,126.717201,5.099677,5.600143,5.960758,6.613473,calls/second,milliseconds
1593707650,3395,126.717201,8.960308,0.000069,23.053581,0.000171,0.001429,66.985164,88.332329,105.668522,126.717201,5.136795,6.063874,6.050660,6.639991,calls/second,milliseconds
1593707655,3419,126.717201,10.106484,0.000069,24.425728,0.000175,0.002137,79.660584,105.244129,106.984435,126.717201,5.134208,5.962820,6.029989,6.629797,calls/second,milliseconds
1593707660,3425,126.717201,10.124246,0.000069,24.332838,0.000180,0.002453,79.660584,105.244129,106.984435,126.717201,5.104984,5.597997,5.953462,6.600823,calls/second,milliseconds
1593707665,3432,126.717201,11.039475,0.000069,25.208900,0.000188,0.013928,80.979190,105.182958,106.984435,126.717201,5.077535,5.246353,5.874894,6.570902,calls/second,milliseconds
1593707670,3473,126.717201,10.107262,0.000069,24.395405,0.000204,0.002576,80.791834,95.139593,106.565116,126.717201,5.100499,5.482513,5.913325,6.579927,calls/second,milliseconds
1593707675,3490,126.717201,10.160641,0.000069,24.562057,0.000213,0.002568,80.954719,105.182958,106.721689,115.320629,5.088082,5.156094,5.838726,6.551229,calls/second,milliseconds
1593707680,3543,126.717201,9.582199,0.000069,23.806748,0.000229,0.002111,80.791834,91.154094,106.565116,114.848736,5.128016,5.767267,5.953786,6.585849,calls/second,milliseconds
1593707685,3620,126.717201,8.219507,0.000070,22.011559,0.000237,0.001335,64.374725,87.472987,106.305103,114.848736,5.201821,6.505475,6.103306,6.632464,calls/second,milliseconds
1593707690,3634,126.717201,9.159480,0.000070,22.794852,0.000246,0.002135,67.424000,87.472987,106.051434,114.848736,5.184681,6.209202,6.048708,6.611232,calls/second,milliseconds
1593707695,3653,126.717201,9.924128,0.000070,23.562258,0.000259,0.006888,80.954719,87.316081,105.668522,114.848736,5.174861,6.000582,6.008234,6.594549,calls/second,milliseconds
1593707700,3660,126.717201,10.297112,0.000070,23.824712,0.000268,0.018266,80.979190,87.316081,105.668522,114.848736,5.148292,5.664722,5.938678,6.567987,calls/second,milliseconds
1593707705,3669,126.717201,10.481012,0.000070,23.967873,0.000274,0.679787,83.340779,87.316081,105.347693,114.848736,5.124927,5.339724,5.866966,6.540463,calls/second,milliseconds
1593707710,3707,126.717201,9.869618,0.000070,23.383423,0.000274,0.006888,80.791834,87.316081,106.565116,114.848736,5.142098,5.552428,5.902222,6.548549,calls/second,milliseconds
1593707715,3750,126.717201,9.137696,0.000069,22.901897,0.000249,0.001544,67.424000,87.316081,105.668522,114.848736,5.165900,5.796099,5.946812,6.559915,calls/second,milliseconds
1593707720,3755,126.717201,9.565701,0.000069,23.569229,0.000251,0.002066,79.660584,91.154094,106.721689,114.848736,5.137391,5.396633,5.861743,6.528004,calls/second,milliseconds
1593707725,3761,126.717201,10.098998,0.000069,24.034150,0.000262,0.002442,80.954719,88.045572,106.721689,114.848736,5.110650,5.061088,5.784691,6.498486,calls/second,milliseconds
1593707730,3776,126.717201,10.356632,0.000069,24.556610,0.000264,0.002453,81.013296,105.016013,106.721689,114.848736,5.096365,4.912284,5.741970,6.480212,calls/second,milliseconds
1593707735,3846,116.229633,9.201492,0.000069,24.067512,0.000217,0.000544,79.660584,105.371289,107.086602,116.229633,5.156079,5.622907,5.875157,6.520765,calls/second,milliseconds
1593707740,3856,116.229633,9.738226,0.000069,24.593371,0.000222,0.000735,81.013296,105.668522,107.086602,116.229633,5.135024,5.349226,5.814412,6.496827,calls/second,milliseconds
1593707745,3865,116.229633,9.946717,0.000069,24.398604,0.000227,0.001853,79.660584,105.371289,107.086602,116.229633,5.113019,5.065446,5.748060,6.470806,calls/second,milliseconds
1593707750,3869,116.229633,10.088493,0.000069,24.614012,0.000234,0.002066,81.013296,105.371289,107.086602,116.229633,5.084654,4.708408,5.662970,6.438281,calls/second,milliseconds
1593707755,3915,116.229633,8.908791,0.000069,23.290953,0.000207,0.000521,67.424000,105.276863,107.086602,116.229633,5.111548,5.083527,5.724738,6.454689,calls/second,milliseconds
1593707760,3915,116.229633,8.908791,0.000069,23.290953,0.000207,0.000521,67.424000,105.276863,107.086602,116.229633,5.078376,4.677071,5.630116,6.418929,calls/second,milliseconds
1593707765,3946,116.229633,8.149914,0.000069,22.299041,0.000206,0.000488,65.002250,105.016013,107.037344,116.229633,5.085635,4.782846,5.636230,6.416608,calls/second,milliseconds
1593707770,3955,116.229633,8.526576,0.000069,22.675983,0.000214,0.000600,65.561100,91.154094,107.037344,116.229633,5.064581,4.528360,5.569517,6.389923,calls/second,milliseconds
1593707775,4046,119.485519,6.926040,0.000069,20.813982,0.000177,0.000383,49.626829,86.142075,107.037344,119.485519,5.148161,5.589502,5.771669,6.453137,calls/second,milliseconds
1593707780,4053,119.485519,7.388095,0.000069,21.222511,0.000185,0.000404,52.669322,86.142075,107.037344,119.485519,5.124459,5.318492,5.712634,6.429574,calls/second,milliseconds
1593707785,4063,119.485519,7.862143,0.000069,21.919557,0.000191,0.000427,65.199318,91.154094,107.037344,119.485519,5.104850,5.037169,5.647964,6.403925,calls/second,milliseconds
1593707790,4072,119.485519,7.877216,0.000069,21.747638,0.000197,0.000509,65.199318,87.472987,107.037344,119.485519,5.084225,4.746357,5.577752,6.376203,calls/second,milliseconds
1593707795,4114,119.485519,7.370674,0.000069,20.818537,0.000178,0.000427,49.973644,86.142075,105.714514,119.485519,5.104776,5.086460,5.634316,6.390739,calls/second,milliseconds
1593707800,4138,119.485519,7.067446,0.000069,20.153526,0.000183,0.000427,48.768325,85.902984,105.371289,119.485519,5.102901,5.047564,5.617221,6.380818,calls/second,milliseconds
1593707805,4141,119.485519,7.007422,0.000069,20.072180,0.000185,0.000454,48.768325,85.902984,105.371289,119.485519,5.075275,4.691957,5.534293,6.348791,calls/second,milliseconds
1593707810,4189,119.485519,6.936687,0.000069,19.542213,0.000167,0.000433,47.291344,84.782445,105.016013,119.485519,5.102852,5.084382,5.601493,6.366804,calls/second,milliseconds
1593707815,4234,119.485519,6.352941,0.000069,18.660702,0.000161,0.000367,44.610864,81.013296,103.055547,119.485519,5.126426,5.413449,5.660972,6.382500,calls/second,milliseconds
1593707820,4243,119.485519,6.993853,0.000069,20.029974,0.000166,0.000420,47.291344,85.902984,105.051474,119.485519,5.106436,5.108542,5.593850,6.356004,calls/second,milliseconds
1593707825,4246,119.485519,7.667391,0.000069,21.073556,0.000167,0.000467,65.061840,85.829587,105.051474,119.485519,5.079443,4.732068,5.508003,6.323007,calls/second,milliseconds
1593707830,4263,119.485519,8.118761,0.000069,22.026046,0.000184,0.000509,65.296099,87.316081,105.668522,119.485519,5.069484,4.641553,5.476466,6.307921,calls/second,milliseconds
1593707835,4272,119.485519,7.997048,0.000069,21.673162,0.000191,0.000583,65.199318,86.142075,105.371289,119.485519,5.050133,4.414355,5.415700,6.282947,calls/second,milliseconds
1593707840,4316,119.485519,7.196648,0.000066,20.722328,0.000172,0.000428,61.213446,84.309075,105.051474,119.485519,5.072215,4.141358,5.342715,6.253678,calls/second,milliseconds
1593707845,4337,119.485519,7.564587,0.000066,20.614045,0.000173,0.000494,53.854677,84.309075,105.051474,119.485519,5.067103,4.769700,5.452750,6.285514,calls/second,milliseconds
1593707850,4351,119.485519,8.382310,0.000066,21.572334,0.000183,0.001544,61.213446,87.583269,105.714514,119.485519,5.053921,4.564239,5.398987,6.262879,calls/second,milliseconds
1593707855,4399,119.485519,8.188787,0.000066,21.606669,0.000169,0.000509,65.199318,84.579738,105.051474,116.229633,5.080181,5.014849,5.478340,6.284692,calls/second,milliseconds
1593707860,4415,119.485519,8.398140,0.000066,21.521157,0.000178,0.000583,64.435415,84.579738,105.051474,116.229633,5.069404,4.725822,5.410931,6.257630,calls/second,milliseconds
1593707865,4452,119.485519,7.614842,0.000066,20.501341,0.000189,0.000468,56.414913,84.309075,104.767662,116.229633,5.082701,4.539859,5.361165,6.236258,calls/second,milliseconds
1593707870,4462,119.485519,8.508703,0.000066,21.361306,0.000192,0.000874,64.435415,85.669123,104.767662,116.229633,5.065159,4.864490,5.414698,6.249353,calls/second,milliseconds
1593707875,4469,119.485519,9.200072,0.000066,22.564979,0.000194,0.001473,68.135667,86.174491,104.767662,116.229633,5.044522,4.555503,5.341730,6.220271,calls/second,milliseconds
1593707880,4490,119.485519,9.877658,0.000066,23.436154,0.000194,0.001733,81.036641,86.174491,103.055547,116.229633,5.039748,4.543069,5.326164,6.210187,calls/second,milliseconds
1593707885,4568,119.485519,8.422626,0.000065,21.633831,0.000175,0.000735,65.296099,86.163823,88.030827,112.844862,5.098714,5.427133,5.495976,6.262208,calls/second,milliseconds
1593707890,4578,119.485519,8.485488,0.000065,21.577068,0.000178,0.000963,65.199318,86.121347,88.030827,112.844862,5.081482,5.169105,5.441498,6.239702,calls/second,milliseconds
1593707895,4587,119.485519,9.290463,0.000065,22.220607,0.000184,0.001733,66.499793,86.174491,89.684433,112.844862,5.063412,4.883736,5.378004,6.213998,calls/second,milliseconds
1593707900,4624,119.485519,9.742708,0.000065,23.456393,0.000173,0.001654,80.188886,87.702989,106.721689,112.844862,5.076200,5.132898,5.421342,6.223892,calls/second,milliseconds
1593707905,4628,119.485519,10.106219,0.000065,24.032982,0.000178,0.001723,80.262588,88.030827,105.668522,112.844862,5.052866,4.770468,5.341652,6.192735,calls/second,milliseconds
1593707910,4634,119.485519,10.940305,0.000065,24.871253,0.000180,0.001956,80.845413,88.030827,105.371289,112.844862,5.031944,4.468998,5.269891,6.163967,calls/second,milliseconds
1593707915,4690,119.485519,9.707750,0.000065,23.746869,0.000166,0.000861,80.262588,88.030827,105.144427,112.844862,5.065271,5.039161,5.374518,6.194083,calls/second,milliseconds
1593707920,4694,119.485519,10.231188,0.000065,24.662642,0.000169,0.000967,81.036641,89.684433,105.175732,112.844862,5.042371,4.668234,5.292297,6.161983,calls/second,milliseconds
1593707925,4706,112.844862,10.348979,0.000065,24.717641,0.000176,0.001354,80.841853,89.684433,105.175732,108.623706,5.028238,4.422912,5.231268,6.136709,calls/second,milliseconds
1593707930,4719,112.844862,10.682835,0.000065,24.473854,0.000183,0.002202,80.841853,88.702107,105.175732,108.623706,5.015303,4.373107,5.207611,6.123763,calls/second,milliseconds
1593707935,4757,132.132550,10.015738,0.000065,24.285139,0.000169,0.001351,80.262588,89.684433,105.175732,132.132550,5.029014,4.551159,5.230626,6.126402,calls/second,milliseconds
1593707940,4783,132.132550,10.199800,0.000065,24.000168,0.000179,0.001838,79.676856,88.702107,105.175732,132.132550,5.029905,4.619029,5.233425,6.122377,calls/second,milliseconds
1593707945,4787,132.132550,10.405048,0.000065,24.264668,0.000179,0.001861,80.262588,88.702107,105.175732,132.132550,5.007744,4.361649,5.170064,6.096214,calls/second,milliseconds
1593707950,4837,132.132550,9.468795,0.000065,23.338082,0.000163,0.001351,79.753045,87.583269,105.144427,132.132550,5.033763,4.828458,5.253202,6.118950,calls/second,milliseconds
1593707955,4845,132.132550,9.786839,0.000065,23.514860,0.000167,0.001518,79.676856,86.174491,105.144427,132.132550,5.015969,4.538343,5.186208,6.091698,calls/second,milliseconds
1593707960,4851,132.132550,11.256550,0.000065,25.489707,0.000174,0.001942,81.077985,87.830796,105.144427,132.132550,4.996323,4.271424,5.120322,6.064598,calls/second,milliseconds
1593707965,4906,132.132550,10.275647,0.000065,24.249212,0.000153,0.001351,80.262588,87.753730,104.808860,132.132550,5.027077,4.153775,5.081970,6.046511,calls/second,milliseconds
1593707970,4913,132.132550,10.493209,0.000065,24.517495,0.000159,0.001473,80.426582,87.830796,104.808860,132.132550,5.008606,4.573240,5.153341,6.065090,calls/second,milliseconds
1593707975,4933,132.132550,10.684470,0.000065,24.751780,0.000155,0.001691,80.845413,87.753730,89.684433,132.132550,5.003453,4.447451,5.117750,6.048109,calls/second,milliseconds
1593707980,4975,132.132550,9.856700,0.000065,23.590269,0.000155,0.001328,79.920638,87.740399,88.702107,132.132550,5.020601,4.811452,5.181918,6.064463,calls/second,milliseconds
1593707985,4981,132.132550,10.313625,0.000065,24.027361,0.000159,0.001699,80.426582,87.753730,105.051474,132.132550,5.001431,4.586661,5.129325,6.041945,calls/second,milliseconds
1593707990,4993,132.132550,9.991451,0.000065,23.576359,0.000160,0.001699,79.920638,87.753730,104.808860,132.132550,4.988454,4.379843,5.077602,6.019552,calls/second,milliseconds
1593707995,4997,132.132550,10.927912,0.000065,24.722966,0.000162,0.002202,81.036641,87.753730,104.808860,132.132550,4.967613,4.125597,5.013511,5.992851,calls/second,milliseconds
1593708000,5044,132.132550,9.459950,0.000065,23.052284,0.000137,0.001091,79.553650,87.727144,88.702107,132.132550,4.989543,3.827715,4.937256,5.961866,calls/second,milliseconds
1593708005,5071,132.132550,9.050194,0.000065,22.326639,0.000152,0.001333,77.952516,87.685116,88.030827,132.132550,4.991552,4.673028,5.093662,6.008614,calls/second,milliseconds
1593708010,5115,132.132550,8.618552,0.000065,21.626957,0.000136,0.001033,65.906484,87.482420,87.856565,108.366912,5.010234,5.003002,5.154922,6.024079,calls/second,milliseconds
1593708015,5130,132.132550,9.738024,0.000065,22.518948,0.000151,0.001485,79.330736,87.059980,87.856565,108.366912,5.000420,4.794878,5.109387,6.004001,calls/second,milliseconds
1593708020,5242,132.132550,8.055618,0.000065,20.949664,0.000115,0.000476,65.850290,87.059980,88.030416,106.944411,5.084792,5.946648,5.342284,6.077109,calls/second,milliseconds
1593708025,5259,132.132550,8.039288,0.000065,20.880981,0.000123,0.000573,65.906484,86.993295,88.030416,106.944411,5.076685,5.902940,5.343238,6.073358,calls/second,milliseconds
1593708030,5268,132.132550,8.578673,0.000065,21.523763,0.000124,0.000925,66.061227,87.482420,88.702107,106.944411,5.060936,5.702816,5.311119,6.058547,calls/second,milliseconds
1593708035,5277,132.132550,9.616916,0.000065,22.935673,0.000129,0.001362,80.262588,87.477854,88.702107,106.944411,5.045372,5.390764,5.253086,6.034954,calls/second,milliseconds
1593708040,5323,132.132550,9.454812,0.000065,22.289121,0.000124,0.001413,67.607573,87.059980,88.030416,106.944411,5.065073,5.695334,5.318322,6.052489,calls/second,milliseconds
1593708045,5330,132.132550,9.578529,0.000065,22.721444,0.000128,0.001485,68.123011,87.477854,91.311449,106.944411,5.047765,5.367889,5.256864,6.027821,calls/second,milliseconds
1593708050,5335,132.132550,9.590820,0.000065,22.605310,0.000131,0.001703,67.607573,87.477854,91.311449,106.944411,5.028645,5.002661,5.183199,5.998858,calls/second,milliseconds
1593708055,5345,132.132550,10.887423,0.000065,23.997424,0.000137,0.021142,80.262588,87.477854,91.311449,106.944411,5.014498,4.778572,5.133891,5.977812,calls/second,milliseconds
1593708060,5403,132.132550,10.162822,0.000065,22.718924,0.000126,0.014616,66.531203,86.141671,88.030416,106.944411,5.045197,5.212046,5.217626,6.001204,calls/second,milliseconds
1593708065,5417,132.132550,10.448491,0.000065,22.887824,0.000136,0.793369,67.607573,87.477854,90.620195,106.944411,5.034784,5.147118,5.204112,5.992333,calls/second,milliseconds
1593708070,5449,132.132550,10.029024,0.000065,22.408540,0.000136,0.014107,66.061227,86.141671,90.620195,106.944411,5.041105,4.847515,5.141235,5.966891,calls/second,milliseconds
1593708075,5459,132.132550,10.521234,0.000065,22.646426,0.000147,2.239703,66.274344,86.141671,88.030416,106.944411,5.027106,5.019618,5.171958,5.972614,calls/second,milliseconds
1593708080,5471,132.132550,10.243218,0.000065,22.278831,0.000153,2.239703,66.011342,86.022258,88.030416,106.944411,5.015072,4.778183,5.119530,5.950605,calls/second,milliseconds
1593708085,5481,132.132550,10.886093,0.000065,22.985115,0.000163,4.016997,66.531203,86.993295,88.460774,106.944411,5.001305,4.540061,5.064663,5.927610,calls/second,milliseconds
1593708090,5489,132.132550,11.543057,0.000065,23.664774,0.000171,9.172951,71.023399,86.993295,88.460774,106.944411,4.985851,4.320978,5.010703,5.904743,calls/second,milliseconds
1593708095,5531,106.944411,10.529960,0.000066,22.643547,0.000133,3.109209,67.607573,86.247422,88.460774,106.944411,5.001284,4.663109,5.070029,5.919675,calls/second,milliseconds
1593708100,5538,106.944411,10.855616,0.000066,23.150080,0.000139,5.482315,67.751384,86.993295,90.620195,106.944411,4.985099,4.370223,5.002757,5.892419,calls/second,milliseconds
1593708105,5549,106.944411,12.234447,0.000066,25.217212,0.000142,9.153306,83.786483,88.460774,104.699780,106.849291,4.972573,4.244675,4.966349,5.875287,calls/second,milliseconds
1593708110,5552,106.944411,12.450394,0.000066,25.522016,0.000152,9.153306,84.523528,88.030416,104.699780,106.849291,4.953117,3.937272,4.890874,5.844953,calls/second,milliseconds
1593708115,5556,107.136770,12.866063,0.000066,26.118388,0.000159,9.628646,85.843299,90.565397,104.782450,107.136770,4.934648,3.686429,4.823258,5.817003,calls/second,milliseconds
1593708120,5561,107.136770,13.203634,0.000066,26.124186,0.000167,11.919387,84.995543,90.565397,104.782450,107.136770,4.917269,3.455643,4.756759,5.789208,calls/second,milliseconds
1593708125,5590,107.136770,12.912619,0.000066,26.195309,0.000139,9.767825,85.624724,90.565397,106.181083,107.136770,4.921115,3.659079,4.777308,5.790376,calls/second,milliseconds
1593708130,5603,107.259820,14.678441,0.000066,28.636163,0.000170,16.174265,86.270456,105.004784,106.577667,107.259820,4.910973,3.558408,4.738015,5.771593,calls/second,milliseconds
1593708135,5623,115.565143,16.300822,0.000066,30.389934,0.000191,19.889564,90.565397,106.849291,107.259820,115.565143,4.906981,3.593716,4.725816,5.761778,calls/second,milliseconds
1593708140,5632,115.565143,16.598970,0.000066,30.648575,0.000224,20.233223,88.460774,106.577667,107.259820,115.565143,4.893496,3.466290,4.680762,5.740937,calls/second,milliseconds
1593708145,5668,115.565143,15.215362,0.000066,29.345980,0.000172,18.590589,87.799933,106.181083,107.136770,115.565143,4.903490,3.349052,4.636453,5.720211,calls/second,milliseconds
1593708150,5684,115.565143,15.213740,0.000066,29.133321,0.000224,18.590589,87.477854,105.374177,107.136770,115.565143,4.896141,3.656956,4.678825,5.728410,calls/second,milliseconds
1593708155,5696,115.565143,16.732329,0.000066,30.731322,0.000265,20.600791,88.349779,106.577667,109.337634,115.565143,4.885444,3.604429,4.651077,5.713294,calls/second,milliseconds
1593708160,5769,115.565143,13.377030,0.000066,28.133077,0.000177,5.582399,86.979700,105.004784,107.136770,115.565143,4.926891,4.547551,4.828741,5.766960,calls/second,milliseconds
1593708165,5787,115.565143,12.953158,0.000066,27.463974,0.000178,6.374204,86.247422,105.004784,107.136770,115.565143,4.921293,4.471789,4.808431,5.754954,calls/second,milliseconds
1593708170,5796,115.565143,13.380696,0.000066,28.055394,0.000183,7.772706,86.979700,105.374177,109.337634,115.565143,4.908061,4.226182,4.752095,5.730827,calls/second,milliseconds
1593708175,5820,115.565143,12.250657,0.000066,27.116086,0.000177,4.407198,86.022258,105.004784,107.259820,115.565143,4.907610,4.304044,4.759498,5.727886,calls/second,milliseconds
1593708180,5831,115.565143,12.749454,0.000066,27.163153,0.000181,5.583391,85.871013,105.004784,107.259820,115.565143,4.896254,4.119823,4.713888,5.707233,calls/second,milliseconds
1593708185,5842,115.565143,13.881299,0.000066,28.293611,0.000200,10.476881,86.100388,104.782450,107.259820,115.565143,4.884960,3.950331,4.669031,5.686695,calls/second,milliseconds
1593708190,5853,115.565143,14.858708,0.000066,28.839723,0.000218,16.225576,86.221552,104.820082,107.259820,115.565143,4.873746,3.794392,4.624916,5.666270,calls/second,milliseconds
1593708195,5921,115.565143,12.186843,0.000066,26.619889,0.000151,3.360571,85.833919,104.663644,106.887613,115.565143,4.909972,4.610387,4.779872,5.712440,calls/second,milliseconds
1593708200,5939,115.565143,12.893692,0.000066,27.217644,0.000177,4.876754,85.843299,104.723996,106.577667,115.565143,4.904545,4.497619,4.753759,5.698521,calls/second,milliseconds
1593708205,5941,115.565143,12.973791,0.000066,27.150247,0.000178,6.374204,85.833919,104.723996,106.577667,115.565143,4.886025,4.217965,4.691715,5.672490,calls/second,milliseconds
1593708210,6046,115.565143,9.936908,0.000066,24.327884,0.000101,0.001291,80.420552,104.438537,105.135111,115.219209,4.952023,5.559782,4.961267,5.757407,calls/second,milliseconds
1593708215,6059,115.565143,10.628691,0.000066,25.036093,0.000110,0.002136,81.511494,104.699780,106.577667,115.219209,4.942439,5.275158,4.912322,5.736590,calls/second,milliseconds
1593708220,6083,115.565143,10.823410,0.000066,24.749594,0.000124,0.360411,80.420552,104.438537,105.374177,115.219209,4.941849,5.221175,4.907160,5.730293,calls/second,milliseconds
1593708225,6118,115.565143,10.063226,0.000066,23.807807,0.000110,0.001825,66.418328,95.967519,105.135111,115.219209,4.950169,5.395384,4.948363,5.739544,calls/second,milliseconds
1593708230,6123,115.565143,9.946813,0.000066,23.656396,0.000112,0.001947,66.314092,95.967519,105.135111,115.219209,4.934276,5.075931,4.889713,5.715502,calls/second,milliseconds
1593708235,6128,115.565143,10.417070,0.000066,24.019210,0.000117,0.015549,79.780799,95.967519,105.135111,115.219209,4.918491,4.750037,4.825422,5.689378,calls/second,milliseconds
1593708240,6132,115.565143,10.802139,0.000066,24.554878,0.000124,0.921069,80.420552,104.663644,105.135111,115.219209,4.902013,4.434210,4.758888,5.662290,calls/second,milliseconds
1593708245,6139,115.565143,11.233766,0.000066,25.101686,0.000133,1.831383,81.511494,104.684060,105.314603,115.219209,4.888089,4.175617,4.700065,5.637568,calls/second,milliseconds
1593708250,6186,115.565143,10.609447,0.000066,24.073504,0.000115,2.012873,79.524793,104.438537,105.314603,115.219209,4.905948,4.513380,4.761219,5.652872,calls/second,milliseconds
1593708255,6195,115.565143,11.642004,0.000066,25.133293,0.000132,4.407198,85.266819,104.132218,105.314603,115.219209,4.893690,4.360394,4.725497,5.635959,calls/second,milliseconds
1593708260,6217,115.565143,11.930185,0.000066,25.585955,0.000140,5.583391,85.624243,104.684060,105.374177,115.219209,4.891766,4.155677,4.677143,5.614707,calls/second,milliseconds
1593708265,6257,115.565143,10.645180,0.000066,24.265715,0.000134,0.309324,81.511494,95.967519,105.314603,115.219209,4.903895,4.702918,4.781651,5.644542,calls/second,milliseconds
1593708270,6262,115.565143,11.212364,0.000066,24.711754,0.000139,2.699542,84.310627,95.967519,105.314603,115.219209,4.888696,4.406849,4.719145,5.618811,calls/second,milliseconds
1593708275,6269,126.463775,11.949014,0.000066,25.728394,0.000147,3.670478,85.624243,104.684060,107.259820,126.463775,4.875103,4.134453,4.657673,5.593222,calls/second,milliseconds
1593708280,6282,126.463775,12.303565,0.000066,25.442698,0.000177,9.409353,84.310627,104.663644,107.136770,126.463775,4.866322,3.995774,4.620357,5.575531,calls/second,milliseconds
1593708285,6403,126.463775,8.857811,0.000066,21.816000,0.000160,0.001434,60.519391,87.436019,104.820082,126.463775,4.940907,5.611214,4.943980,5.678713,calls/second,milliseconds
1593708290,6417,126.463775,9.092210,0.000066,21.673863,0.000163,0.001947,63.411453,86.841858,104.820082,126.463775,4.932695,5.354460,4.901932,5.660549,calls/second,milliseconds
1593708295,6434,126.463775,9.032569,0.000066,21.390834,0.000166,0.004395,63.411453,86.841858,104.723996,126.463775,4.926817,5.278145,4.893636,5.653565,calls/second,milliseconds
1593708300,6448,126.463775,9.842448,0.000066,22.099426,0.000174,0.965936,64.678224,86.625240,104.699780,126.463775,4.918722,5.064013,4.855725,5.636648,calls/second,milliseconds
1593708305,6483,126.463775,9.251777,0.000066,21.315201,0.000177,0.014917,63.411453,85.871013,104.663644,126.463775,4.926629,5.202815,4.887861,5.643093,calls/second,milliseconds
1593708310,6505,126.463775,9.400941,0.000066,21.039592,0.000179,2.367771,62.591276,85.716585,104.132218,126.463775,4.924635,5.170607,4.886409,5.638422,calls/second,milliseconds
1593708315,6518,126.463775,10.210104,0.000066,22.084972,0.000209,5.540486,64.434457,86.625240,105.135111,126.463775,4.915866,4.917100,4.838701,5.618265,calls/second,milliseconds
1593708320,6555,126.463775,9.326690,0.000066,21.101755,0.000211,0.921069,53.639981,85.716585,104.684060,126.463775,4.925196,4.699852,4.795087,5.599327,calls/second,milliseconds
1593708325,6564,126.463775,10.126214,0.000066,22.206905,0.000225,2.716124,63.411453,86.625240,106.577667,126.463775,4.913490,4.867771,4.828225,5.605979,calls/second,milliseconds
1593708330,6584,126.463775,11.390991,0.000066,24.522331,0.000253,6.438536,81.384932,90.508940,108.041728,126.463775,4.910028,4.846361,4.824453,5.600406,calls/second,milliseconds
1593708335,6637,126.463775,9.819677,0.000066,23.059381,0.000225,0.002746,65.457556,89.237395,108.041728,126.463775,4.931171,5.306397,4.919915,5.628104,calls/second,milliseconds
1593708340,6715,126.463775,8.291689,0.000066,21.490933,0.000196,0.000773,53.639981,87.436019,104.723996,124.019525,4.970706,6.129428,5.096441,5.683350,calls/second,milliseconds
1593708345,6720,126.463775,8.302398,0.000066,21.380351,0.000197,0.001110,53.309791,87.436019,104.684060,124.019525,4.956044,5.735292,5.032038,5.658512,calls/second,milliseconds
1593708350,6775,126.463775,8.041813,0.000066,21.096719,0.000194,0.000685,52.252720,86.534504,96.076419,124.019525,4.978272,6.140244,5.127374,5.686996,calls/second,milliseconds
1593708355,6781,126.463775,9.029953,0.000066,22.627158,0.000195,0.000988,74.620789,86.534504,96.076419,124.019525,4.964361,5.745244,5.062461,5.662138,calls/second,milliseconds
1593708360,6794,126.463775,9.406949,0.000066,23.193838,0.000195,0.001434,79.386680,86.625240,106.577667,124.019525,4.955815,5.477773,5.018454,5.644065,calls/second,milliseconds
1593708365,6798,126.463775,10.044122,0.000066,24.084527,0.000196,0.001935,81.609512,87.637598,105.314603,124.019525,4.940690,5.119750,4.952035,5.618336,calls/second,milliseconds
1593708370,6811,126.463775,10.759500,0.000066,24.564555,0.000202,0.002576,81.966674,87.514305,105.135111,124.019525,4.932234,4.902291,4.909853,5.600506,calls/second,milliseconds
1593708375,6853,126.463775,10.193988,0.000065,23.982610,0.000195,0.002194,81.384932,87.547980,104.851579,124.019525,4.944722,5.133979,4.957623,5.612692,calls/second,milliseconds
1593708380,6868,126.463775,10.258135,0.000065,23.943604,0.000195,0.002198,81.384932,86.841858,104.851579,124.019525,4.937767,5.011329,4.935184,5.601541,calls/second,milliseconds
1593708385,6974,126.463775,8.252738,0.000064,21.610070,0.000152,0.000581,65.402988,86.177988,90.508940,124.019525,4.995999,4.818530,4.896587,5.584912,calls/second,milliseconds
1593708390,6993,126.463775,8.207505,0.000064,21.191673,0.000153,0.000698,62.591276,86.081391,90.508940,124.019525,4.991731,6.256249,5.192504,5.680286,calls/second,milliseconds
1593708395,7000,126.463775,8.331105,0.000064,21.259404,0.000155,0.000988,64.626241,86.081391,90.508940,124.019525,4.978961,5.851973,5.126514,5.655465,calls/second,milliseconds
1593708400,7034,126.463775,7.735252,0.000064,20.508064,0.000133,0.000698,51.691279,85.758316,90.212924,124.019525,4.985428,5.480022,5.061614,5.630781,calls/second,milliseconds
1593708405,7044,126.463775,8.379677,0.000064,20.858961,0.000144,0.001833,64.620884,85.758316,89.237395,124.019525,4.974877,5.617544,5.096959,5.639474,calls/second,milliseconds
1593708410,7048,126.463775,8.797185,0.000064,21.245342,0.000153,0.001958,64.626241,85.758316,89.237395,124.019525,4.960188,5.232354,5.025936,5.612663,calls/second,milliseconds
1593708415,7057,126.463775,9.983433,0.000064,22.948136,0.000157,0.003538,68.067260,86.370125,96.076419,124.019525,4.949102,4.989901,4.979227,5.593756,calls/second,milliseconds
1593708420,7078,126.463775,10.583489,0.000064,23.494234,0.000165,0.893587,73.019747,86.177988,90.508940,124.019525,4.946493,4.910753,4.963042,5.584927,calls/second,milliseconds
1593708425,7112,126.463775,10.261623,0.000064,22.806953,0.000165,0.553798,68.067260,86.081391,90.212924,124.019525,4.952943,5.029826,4.986793,5.589442,calls/second,milliseconds
1593708430,7188,124.019525,8.890773,0.000064,21.032064,0.000133,0.002306,65.457556,85.798119,86.605110,118.001309,4.988480,5.842988,5.155603,5.642686,calls/second,milliseconds
1593708435,7195,124.019525,8.816612,0.000064,20.862877,0.000141,0.002484,65.402988,85.798119,86.605110,118.001309,4.976084,5.519729,5.100139,5.621397,calls/second,milliseconds
1593708440,7199,124.019525,9.074100,0.000064,21.156689,0.000144,0.002767,66.343339,85.798119,86.605110,118.001309,4.961681,5.142360,5.029064,5.594686,calls/second,milliseconds
1593708445,7261,124.019525,7.859266,0.000064,19.724636,0.000111,0.001464,49.370823,85.196197,86.370125,118.001309,4.987246,5.754631,5.157507,5.634605,calls/second,milliseconds
1593708450,7319,124.019525,7.338991,0.000064,19.291299,0.000105,0.000462,49.370823,84.722453,86.081391,118.001309,5.009852,6.158037,5.250769,5.663222,calls/second,milliseconds
1593708455,7324,124.019525,7.482085,0.000064,19.421765,0.000111,0.000530,51.691279,83.454270,86.081391,118.001309,4.996202,5.793596,5.190427,5.640711,calls/second,milliseconds
1593708460,7347,124.019525,8.055223,0.000064,19.860369,0.000122,0.001969,64.626241,82.674849,85.883180,118.001309,4.994837,5.538250,5.147611,5.623865,calls/second,milliseconds
1593708465,7386,118.001309,8.075397,0.000064,19.622414,0.000122,0.002007,64.620884,82.250526,85.798119,105.314603,5.004362,5.399268,5.125337,5.613760,calls/second,milliseconds
1593708470,7391,118.001309,8.397688,0.000064,19.991793,0.000126,0.002431,66.271429,82.674849,86.177988,104.851579,4.990827,5.527255,5.156322,5.621440,calls/second,milliseconds
1593708475,7410,118.001309,8.595543,0.000064,19.918798,0.000143,0.003541,64.620884,82.655405,86.081391,104.851579,4.986825,5.309196,5.117376,5.605809,calls/second,milliseconds
1593708480,7451,118.001309,8.584489,0.000064,20.547238,0.000125,0.002334,66.271429,85.089076,86.370125,105.776493,4.997598,5.620287,5.184856,5.625721,calls/second,milliseconds
1593708485,7487,118.001309,9.006977,0.000064,21.331021,0.000107,0.002131,66.349698,82.963115,86.177988,105.776493,5.004971,5.730603,5.214857,5.633335,calls/second,milliseconds
1593708490,7529,118.001309,9.160549,0.000064,21.281657,0.000100,0.002306,66.349698,82.963115,86.037704,105.776493,5.016277,5.928045,5.264197,5.647555,calls/second,milliseconds
1593708495,7569,118.001309,9.277114,0.000064,21.708025,0.000102,0.002334,66.455939,83.454270,85.883180,105.776493,5.026147,5.741905,5.236691,5.636211,calls/second,milliseconds
1593708500,7619,118.001309,9.174011,0.000064,21.438076,0.000107,0.002400,66.455939,82.963115,86.037704,105.776493,5.042643,6.386195,5.378230,5.681440,calls/second,milliseconds
1593708505,7634,118.001309,9.589983,0.000064,21.626807,0.000121,0.015137,67.349111,82.963115,86.037704,105.776493,5.035908,6.179414,5.352144,5.671016,calls/second,milliseconds
1593708510,7959,105.776493,5.277288,0.000064,16.465708,0.000084,0.000196,40.717905,80.102881,82.963115,105.776493,5.233036,10.818484,6.324813,5.995276,calls/second,milliseconds
1593708515,7963,105.776493,5.312219,0.000064,16.456169,0.000084,0.000202,40.717905,80.102881,82.963115,105.776493,5.218521,10.113397,6.253330,5.973141,calls/second,milliseconds
1593708520,7971,105.776493,5.697756,0.000064,17.107216,0.000084,0.000212,40.722949,80.878133,85.419363,105.776493,5.206699,9.384730,6.166500,5.945589,calls/second,milliseconds
1593708525,8026,105.776493,5.260541,0.000064,16.423773,0.000083,0.000204,39.568329,80.593556,85.419363,98.084154,5.225515,9.561853,6.256308,5.976916,calls/second,milliseconds
1593708530,8035,105.776493,5.552512,0.000064,16.899846,0.000084,0.000215,40.722949,80.878133,85.425157,98.084154,5.214434,8.925258,6.179346,5.952667,calls/second,milliseconds
1593708535,8039,105.776493,5.905125,0.000064,17.608768,0.000084,0.000223,42.270301,82.550346,85.798119,98.084154,5.200137,8.291590,6.093739,5.925228,calls/second,milliseconds
1593708540,8057,105.776493,6.247463,0.000064,17.652294,0.000085,0.000244,42.300038,82.550346,85.477678,98.084154,5.195005,7.868498,6.042604,5.909022,calls/second,milliseconds
1593708545,8238,98.084154,4.028134,0.000064,14.056052,0.000085,0.000169,37.110789,66.209251,82.742203,86.245536,5.294626,10.181733,6.550979,6.080163,calls/second,milliseconds
1593708550,8246,106.084089,4.679414,0.000064,16.152278,0.000085,0.000179,38.276812,80.878133,86.057599,106.084089,5.282805,9.463593,6.462535,6.053126,calls/second,milliseconds
1593708555,8255,106.084089,5.107844,0.000064,16.732405,0.000086,0.000189,40.512772,82.272110,86.057599,106.084089,5.271657,8.882828,6.392082,6.031779,calls/second,milliseconds
1593708560,8267,131.167426,5.403453,0.000064,17.830869,0.000086,0.000200,40.722949,82.742203,86.245536,131.167426,5.262537,8.332508,6.319487,6.009442,calls/second,milliseconds
1593708565,8271,131.167426,5.923366,0.000064,18.957820,0.000086,0.000205,44.526642,84.731302,88.114634,131.167426,5.248376,7.762224,6.234869,5.982797,calls/second,milliseconds
1593708570,8332,131.167426,6.090550,0.000064,19.406023,0.000087,0.000198,46.511967,84.731302,104.946530,131.167426,5.270371,8.053084,6.320242,6.012809,calls/second,milliseconds
1593708575,8341,131.167426,6.242643,0.000064,19.826038,0.000088,0.000213,46.814091,85.419363,104.996682,131.167426,5.259423,7.553115,6.245529,5.989470,calls/second,milliseconds
1593708580,8349,131.167426,6.910734,0.000064,20.781028,0.000089,0.000229,64.708430,85.952536,104.996682,131.167426,5.247926,7.141095,6.181968,5.969584,calls/second,milliseconds
1593708585,8398,131.167426,6.884854,0.000064,20.784055,0.000089,0.000229,65.707209,85.419363,104.946530,131.167426,5.262182,7.337698,6.238463,5.989697,calls/second,milliseconds
1593708590,8405,131.167426,7.443554,0.000064,21.454939,0.000089,0.000245,66.096678,86.057599,104.946530,131.167426,5.250133,6.846955,6.155184,5.963161,calls/second,milliseconds
1593708595,8423,131.167426,7.453407,0.000064,21.214573,0.000094,0.000261,65.746822,85.952536,104.946530,131.167426,5.244986,6.603334,6.116256,5.951177,calls/second,milliseconds
1593708600,8435,131.167426,7.945442,0.000064,21.793909,0.000097,0.000320,66.507040,87.449800,104.946530,131.167426,5.236142,6.219281,6.044915,5.928179,calls/second,milliseconds
1593708605,8474,131.167426,8.197390,0.000064,21.292607,0.000099,0.000370,65.707209,87.449800,88.530651,131.167426,5.244102,6.393641,6.083841,5.941873,calls/second,milliseconds
1593708610,8489,131.167426,9.068010,0.000064,22.146172,0.000102,0.001676,66.572716,86.245536,88.530651,131.167426,5.237132,6.090318,6.026258,5.923358,calls/second,milliseconds
1593708615,8505,131.167426,9.789007,0.000064,22.905990,0.000118,0.001895,67.487682,86.057599,88.530651,131.167426,5.230904,5.907195,5.989461,5.911595,calls/second,milliseconds
1593708620,8514,131.167426,10.772352,0.000064,24.041197,0.000124,0.002294,79.892223,86.057599,88.530651,131.167426,5.220362,5.546819,5.913604,5.886600,calls/second,milliseconds
1593708625,8534,131.167426,11.077503,0.000064,23.995922,0.000135,0.002595,73.330032,85.268358,88.530651,131.167426,5.216630,5.359178,5.868752,5.871716,calls/second,milliseconds
1593708630,8639,131.167426,8.344276,0.000064,21.343510,0.000106,0.000481,66.306009,83.178762,87.736197,109.063636,5.264723,5.874158,5.966787,5.904559,calls/second,milliseconds
1593708635,8786,131.167426,6.258364,0.000064,18.945877,0.000100,0.000244,57.285922,80.734850,85.268358,109.063636,5.338066,6.667784,6.129316,5.959381,calls/second,milliseconds
1593708640,8788,131.167426,6.526747,0.000064,19.505682,0.000100,0.000247,64.708430,80.887420,87.736197,109.063636,5.323092,8.069583,6.427998,6.060437,calls/second,milliseconds
1593708645,8805,131.167426,7.379191,0.000064,20.455516,0.000103,0.000283,64.708430,82.272110,88.114634,109.063636,5.317294,7.584286,6.354810,6.037942,calls/second,milliseconds
1593708650,8809,131.167426,7.730553,0.000064,20.902210,0.000104,0.000305,64.939659,83.178762,87.748626,109.063636,5.303688,7.153782,6.286137,6.016679,calls/second,milliseconds
1593708655,8850,131.167426,7.792300,0.000064,20.859053,0.000102,0.000313,64.939659,84.694488,87.736197,109.063636,5.312381,6.837655,6.235127,6.001074,calls/second,milliseconds
1593708660,8873,131.167426,7.954493,0.000064,20.618903,0.000104,0.000344,57.846386,84.694488,87.736197,109.063636,5.310265,7.074511,6.294050,6.022121,calls/second,milliseconds
1593708665,8926,131.167426,7.151293,0.000064,19.600012,0.000100,0.000316,52.153874,82.323919,87.449800,109.063636,5.326047,7.324411,6.358609,6.045267,calls/second,milliseconds
1593708670,8934,131.167426,7.848122,0.000064,20.537107,0.000101,0.000370,62.301723,85.196197,88.114634,109.063636,5.314942,6.866713,6.279956,6.020639,calls/second,milliseconds
1593708675,8942,131.167426,8.255613,0.000064,21.281109,0.000104,0.000615,64.939659,85.560017,88.203082,109.063636,5.303940,6.445610,6.202604,5.996148,calls/second,milliseconds
1593708680,8953,131.167426,8.796574,0.000064,21.478143,0.000105,0.001836,64.881033,85.560017,88.203082,109.063636,5.294769,6.106149,6.136446,5.975117,calls/second,milliseconds
1593708685,9005,131.167426,8.393251,0.000064,20.818517,0.000103,0.001844,54.306440,85.560017,104.761974,106.544516,5.309793,6.465458,6.210222,6.000740,calls/second,milliseconds
1593708690,9015,131.167426,8.717261,0.000064,21.032368,0.000105,0.001899,57.285922,85.268358,104.761974,106.544516,5.300083,6.028464,6.124105,5.973035,calls/second,milliseconds
1593708695,9027,131.167426,9.962557,0.000064,22.748817,0.000107,0.004924,66.842618,86.068047,88.203082,106.544516,5.291579,5.818304,6.079079,5.958780,calls/second,milliseconds
1593708700,9160,131.167426,7.249399,0.000064,19.706871,0.000095,0.000314,52.153874,84.694488,87.361802,106.544516,5.353856,7.479916,6.418260,6.073135,calls/second,milliseconds
1593708705,9162,131.167426,7.284434,0.000064,19.700940,0.000096,0.000317,52.153874,84.694488,87.361802,106.544516,5.339401,6.929829,6.322093,6.042813,calls/second,milliseconds
1593708710,9172,131.167426,8.273931,0.000064,20.950290,0.000097,0.000440,66.215792,84.694488,87.361802,106.544516,5.329722,6.471697,6.237432,6.015983,calls/second,milliseconds
1593708715,9183,131.167426,8.948227,0.000064,21.592882,0.000097,0.000543,66.221998,84.583423,87.361802,106.544516,5.320634,6.146142,6.174005,5.995950,calls/second,milliseconds
1593708720,9239,131.167426,8.167226,0.000064,20.513738,0.000095,0.000403,64.881033,82.323919,86.245536,106.544516,5.337649,6.454279,6.237243,6.018133,calls/second,milliseconds
1593708725,9246,131.167426,8.278371,0.000064,20.796780,0.000097,0.000403,64.960611,84.583423,87.361802,106.544516,5.326296,6.194082,6.187042,6.002521,calls/second,milliseconds
1593708730,9309,131.167426,8.250725,0.000064,20.489756,0.000097,0.000392,64.507155,80.984680,86.482278,106.084089,5.347178,6.642306,6.279816,6.034639,calls/second,milliseconds
1593708735,9315,131.167426,8.384120,0.000064,20.435732,0.000099,0.000462,64.507155,80.984680,86.482278,106.084089,5.335298,6.271128,6.209077,6.012287,calls/second,milliseconds
1593708740,9321,131.167426,8.880009,0.000064,21.354021,0.000100,0.001502,64.960611,85.560017,87.750850,106.084089,5.323508,5.865663,6.126284,5.985626,calls/second,milliseconds
1593708745,9335,131.167426,9.612820,0.000064,21.962074,0.000104,0.004924,66.221998,85.918811,87.748626,105.001883,5.316315,5.604555,6.068000,5.966869,calls/second,milliseconds
1593708750,9339,131.167426,10.190389,0.000064,22.908687,0.000105,0.014989,67.836825,86.230848,88.203082,106.557407,5.303495,5.220404,5.980927,5.938244,calls/second,milliseconds
1593708755,9371,106.557407,10.361923,0.000064,22.725320,0.000111,0.015460,67.487682,86.068047,87.750850,106.557407,5.306594,5.282737,5.981243,5.938586,calls/second,milliseconds
1593708760,9383,106.557407,11.122211,0.000064,23.829086,0.000117,0.739134,79.592779,87.750850,92.790614,106.557407,5.298375,5.068237,5.925356,5.920090,calls/second,milliseconds
1593708765,9466,106.557407,9.275784,0.000064,21.733712,0.000109,0.002163,64.960611,86.482278,88.511074,106.557407,5.330206,5.062781,5.910061,5.914992,calls/second,milliseconds
1593708770,9525,106.557407,8.396708,0.000064,20.613538,0.000104,0.001546,53.513067,85.918811,88.511074,106.557407,5.348342,6.480971,6.189227,6.008538,calls/second,milliseconds
1593708775,9537,106.557407,8.499558,0.000064,20.526925,0.000105,0.001836,52.153874,85.918811,88.383401,106.557407,5.340117,6.074719,6.110068,5.983006,calls/second,milliseconds
1593708780,9540,106.557407,8.467357,0.000064,20.445485,0.000106,0.001926,51.644799,85.833520,88.383401,106.557407,5.326868,5.796896,6.052052,5.964264,calls/second,milliseconds
1593708785,9545,106.557407,8.530980,0.000064,20.330687,0.000111,0.001967,51.644799,85.833520,88.383401,106.557407,5.314849,5.413357,5.968549,5.936761,calls/second,milliseconds
1593708790,9577,106.557407,8.072131,0.000064,19.897316,0.000109,0.001856,49.992090,85.560017,88.383401,106.557407,5.317829,5.492245,5.975680,5.939327,calls/second,milliseconds
1593708795,9653,106.557407,7.407180,0.000064,18.928022,0.000100,0.000485,47.056422,85.470845,87.639912,106.557407,5.345209,6.252443,6.124839,5.989525,calls/second,milliseconds
1593708800,9658,119.416612,7.999728,0.000064,20.200525,0.000101,0.000962,48.385711,85.833520,88.383401,119.416612,5.333199,5.832481,6.040133,5.961882,calls/second,milliseconds
1593708805,9666,119.416612,8.048695,0.000064,20.029997,0.000105,0.001786,48.351722,85.833520,88.383401,119.416612,5.322915,5.494070,5.966744,5.937717,calls/second,milliseconds
1593708810,9719,119.416612,7.789117,0.000063,19.939056,0.000100,0.001509,48.385711,86.029768,87.750850,119.416612,5.337417,5.918309,6.046630,5.964654,calls/second,milliseconds
1593708815,9723,119.416612,7.727537,0.000063,19.838919,0.000102,0.001662,48.351722,86.029768,87.750850,119.416612,5.325014,5.509072,5.959911,5.936041,calls/second,milliseconds
1593708820,9744,119.416612,8.404266,0.000063,20.704557,0.000120,0.002191,56.690741,86.230848,87.639912,119.416612,5.321921,5.388413,5.927517,5.925315,calls/second,milliseconds
1593708825,9751,119.416612,9.094381,0.000063,21.422178,0.000122,0.014660,67.836825,86.301391,87.639912,119.416612,5.311228,5.085508,5.855989,5.901352,calls/second,milliseconds
1593708830,9801,119.416612,9.312891,0.000063,21.542167,0.000122,0.015420,66.267437,86.230848,87.428986,119.416612,5.323987,5.446467,5.917872,5.921844,calls/second,milliseconds
1593708835,9807,119.416612,9.551707,0.000063,21.687316,0.000130,0.015541,66.267437,86.230848,87.428986,119.416612,5.312825,5.138920,5.846504,5.897900,calls/second,milliseconds
1593708840,9836,119.416612,9.964958,0.000063,21.581062,0.000137,1.173025,66.051730,86.050117,87.428986,119.416612,5.314134,5.159795,5.839124,5.895141,calls/second,milliseconds
1593708845,9947,119.416612,8.048429,0.000063,19.394201,0.000097,0.001943,51.991432,80.653226,86.301391,119.416612,5.359617,6.074503,6.016986,5.954448,calls/second,milliseconds
1593708850,9970,119.416612,8.149415,0.000063,19.142584,0.000106,0.002959,50.306291,80.653226,86.301391,119.416612,5.357573,6.436342,6.092736,5.980185,calls/second,milliseconds
1593708855,10002,119.416612,8.097928,0.000063,18.923726,0.000111,0.002179,50.104773,70.055176,86.254924,119.416612,5.360339,6.417445,6.094509,5.981403,calls/second,milliseconds
1593708860,10054,119.416612,7.393720,0.000063,18.483108,0.000095,0.000692,49.871352,79.297664,86.068047,119.416612,5.373821,6.192175,6.053279,5.968209,calls/second,milliseconds
1593708865,10067,119.416612,8.595467,0.000063,20.417246,0.000099,0.001814,66.051730,82.290307,86.301391,106.557407,5.366429,6.448658,6.108595,5.987222,calls/second,milliseconds
1593708870,10101,119.416612,8.174952,0.000063,19.783667,0.000099,0.001843,64.853785,81.499900,86.254924,106.557407,5.370240,6.460759,6.116717,5.990617,calls/second,milliseconds
1593708875,10106,119.416612,8.857234,0.000063,20.899364,0.000100,0.002116,66.311126,82.290307,87.428986,108.463594,5.358649,6.056123,6.038757,5.965184,calls/second,milliseconds
1593708880,10116,119.416612,9.060922,0.000063,21.288367,0.000105,0.001990,66.400266,83.382747,87.361802,108.463594,5.349793,5.731813,5.972002,5.943217,calls/second,milliseconds
1593708885,10125,119.416612,9.380937,0.000063,21.340694,0.000117,0.002959,66.311126,83.382747,86.670444,108.463594,5.340424,5.369470,5.893128,5.916938,calls/second,milliseconds
1593708890,10128,119.416612,9.983289,0.000063,22.593802,0.000118,0.015420,67.312229,86.050117,104.906677,108.463594,5.327973,5.036097,5.815557,5.890806,calls/second,milliseconds
1593708895,10169,119.416612,9.613876,0.000063,22.064520,0.000130,0.005096,66.400266,85.893375,88.402365,108.463594,5.335501,5.209113,5.838440,5.898059,calls/second,milliseconds
1593708900,10178,119.416612,10.738718,0.000063,23.717792,0.000138,2.311634,68.275579,86.670444,104.878265,108.463594,5.326247,4.984509,5.781608,5.878679,calls/second,milliseconds
1593708905,10202,119.416612,10.900234,0.000063,23.300482,0.000145,5.491315,67.536658,86.301391,104.878265,108.463594,5.324858,4.953765,5.762077,5.871595,calls/second,milliseconds
1593708910,10259,119.416612,10.147442,0.000063,22.443871,0.000122,2.477948,66.735860,86.029098,104.646523,108.463594,5.340690,5.501160,5.861875,5.904439,calls/second,milliseconds
1593708915,10270,119.416612,10.665753,0.000063,22.791996,0.000135,4.439812,66.735860,86.029098,104.646523,108.463594,5.332527,5.221223,5.798044,5.882808,calls/second,milliseconds
1593708920,10279,119.416612,10.669005,0.000063,22.792299,0.000147,4.439812,67.312229,86.029098,104.646523,108.463594,5.323373,4.979659,5.738574,5.862405,calls/second,milliseconds
1593708925,10282,119.416612,10.850544,0.000063,22.928875,0.000147,6.626101,67.312229,86.029098,104.646523,108.463594,5.311179,4.629481,5.653641,5.833250,calls/second,milliseconds
1593708930,10315,119.416612,10.137689,0.000063,21.990371,0.000147,3.440956,66.735860,85.823517,92.790614,108.463594,5.314497,4.771044,5.665977,5.836390,calls/second,milliseconds
1593708935,10329,119.416612,10.907247,0.000063,23.018518,0.000167,8.208008,67.640467,86.210476,88.402365,108.463594,5.308041,4.597457,5.615301,5.818460,calls/second,milliseconds
1593708940,10333,119.416612,11.144035,0.000063,23.318369,0.000169,9.536189,68.295438,86.210476,88.402365,108.463594,5.296474,4.309820,5.539016,5.791765,calls/second,milliseconds
1593708945,10347,108.463594,11.855435,0.000063,23.580733,0.000198,14.558619,68.295438,86.210476,104.878265,108.463594,5.290104,4.173110,5.490439,5.774082,calls/second,milliseconds
1593708950,10391,108.463594,10.981718,0.000063,22.516308,0.000177,11.371669,67.101720,86.050117,104.646523,108.463594,5.299048,4.511074,5.538530,5.788630,calls/second,milliseconds
1593708955,10398,108.463594,11.799159,0.000063,23.278205,0.000181,14.558619,67.312229,86.029098,104.646523,108.463594,5.289144,4.310299,5.480043,5.767641,calls/second,milliseconds
1593708960,10404,108.463594,13.092360,0.000063,24.501990,0.000193,17.189987,68.295438,86.029098,92.790614,108.463594,5.278754,4.045622,5.405994,5.741227,calls/second,milliseconds
1593708965,10414,108.463594,13.603963,0.000063,24.814760,0.000209,18.218122,68.687096,86.029098,88.402365,108.463594,5.270476,3.850081,5.343087,5.718284,calls/second,milliseconds
1593708970,10436,108.463594,13.472632,0.000063,24.743916,0.000186,17.403162,68.687096,85.894487,88.383401,107.387691,5.268258,3.958015,5.340722,5.715413,calls/second,milliseconds
1593708975,10439,108.463594,14.150665,0.000063,25.292096,0.000193,19.342755,68.295438,85.894487,88.383401,107.387691,5.256527,3.657541,5.255753,5.684857,calls/second,milliseconds
1593708980,10442,108.463594,14.916044,0.000063,25.974367,0.000199,20.202013,69.466959,85.894487,87.639912,107.387691,5.244821,3.445055,5.185412,5.658902,calls/second,milliseconds
1593708985,10444,108.463594,15.558825,0.000063,26.647596,0.000207,22.007953,72.797333,85.894487,87.530217,107.387691,5.232679,3.169604,5.099704,5.627551,calls/second,milliseconds
1593708990,10449,108.463594,17.266061,0.000063,28.412706,0.000227,26.466445,80.518814,86.210476,97.407839,107.387691,5.222104,3.012123,5.035248,5.603021,calls/second,milliseconds
1593708995,10450,108.463594,17.606565,0.000063,28.709942,0.000229,27.459669,80.522610,86.210476,97.407839,107.387691,5.209570,2.803269,4.958634,5.574196,calls/second,milliseconds
1593709000,10458,108.463594,20.108088,0.000063,30.394320,0.000287,37.254481,80.841416,86.050117,97.407839,107.387691,5.200613,2.707061,4.903121,5.552178,calls/second,milliseconds
1593709005,10464,108.463594,22.068004,0.000063,31.623194,0.000346,42.529170,81.049101,86.029098,97.407839,107.387691,5.190694,2.554581,4.835302,5.525850,calls/second,milliseconds
1593709010,10474,108.463594,23.930537,0.000063,32.739573,0.000462,50.306291,83.088633,95.826715,104.794636,107.387691,5.182800,2.510239,4.788439,5.506317,calls/second,milliseconds
1593709015,10484,108.463594,24.202050,0.000063,32.507281,0.001814,48.718300,83.088633,95.826715,104.794636,107.387691,5.174937,2.485434,4.745655,5.487999,calls/second,milliseconds
1593709020,10555,108.463594,19.179507,0.000064,31.326536,0.000144,33.323782,85.707655,97.407839,104.794636,107.387691,5.197172,3.406088,4.898616,5.535157,calls/second,milliseconds
1593709025,10575,108.463594,18.055925,0.000064,30.321024,0.000187,25.197970,85.285805,95.826715,104.794636,107.387691,5.194192,3.485556,4.890375,5.528868,calls/second,milliseconds
1593709030,10616,108.463594,15.924313,0.000064,28.335096,0.000186,16.610923,81.889158,87.600269,104.646523,106.332245,5.201594,3.814529,4.935161,5.540342,calls/second,milliseconds
1593709035,10638,108.463594,15.660385,0.000064,27.172091,0.000257,14.764752,80.899188,87.600269,103.015107,106.332245,5.199601,3.893323,4.932927,5.536241,calls/second,milliseconds
1593709040,10647,108.463594,15.686358,0.000064,27.115274,0.000299,15.413426,80.841416,87.600269,103.015107,106.332245,5.191336,3.709959,4.877839,5.514433,calls/second,milliseconds
1593709045,10654,108.463594,16.243621,0.000064,27.102253,0.000323,17.904834,80.841416,87.530217,103.015107,106.332245,5.182111,3.557247,4.826966,5.493855,calls/second,milliseconds
1593709050,10656,108.463594,16.398490,0.000064,27.200896,0.000323,18.390908,80.809831,87.530217,103.015107,106.332245,5.170515,3.304808,4.753795,5.465634,calls/second,milliseconds
1593709055,10703,108.463594,13.447289,0.000064,25.242562,0.000169,13.717043,80.522610,86.071371,97.407839,106.193711,5.180743,3.152508,4.698362,5.443110,calls/second,milliseconds
1593709060,10713,108.463594,14.391173,0.000064,26.046354,0.000222,14.213534,80.725518,86.071371,97.407839,106.193711,5.173038,3.684012,4.782684,5.467248,calls/second,milliseconds
1593709065,10719,108.463594,14.740405,0.000064,26.157433,0.000254,15.747036,80.725518,86.071371,97.407839,106.193711,5.163503,3.485401,4.723468,5.443607,calls/second,milliseconds
1593709070,10728,108.463594,14.164122,0.000064,25.800511,0.000239,14.213534,80.668951,86.029098,95.826715,106.193711,5.155393,3.366635,4.678453,5.424528,calls/second,milliseconds
1593709075,10733,108.463594,14.742616,0.000064,26.354090,0.000257,14.854532,80.725518,86.571186,95.826715,106.193711,5.145437,3.161418,4.614348,5.398908,calls/second,milliseconds
1593709080,10742,108.463594,15.517039,0.000064,26.906067,0.000319,16.618063,80.725518,86.571186,95.826715,106.193711,5.137462,3.036574,4.564525,5.377861,calls/second,milliseconds
1593709085,10769,108.463594,13.917029,0.000064,25.720388,0.000234,13.743154,80.411138,86.071371,91.086506,106.193711,5.138087,3.257525,4.584946,5.380200,calls/second,milliseconds
1593709090,10776,108.463594,13.742138,0.000064,25.387671,0.000257,13.747882,80.403479,86.029098,91.086506,106.193711,5.129180,3.109006,4.532303,5.358149,calls/second,milliseconds
1593709095,10793,108.463594,14.197357,0.000064,24.898954,0.000320,16.549478,78.130756,85.894487,91.086506,106.193711,5.125085,3.004344,4.487142,5.338436,calls/second,milliseconds
1593709100,10849,108.463594,11.951606,0.000064,23.233518,0.000182,13.613438,68.906149,82.462927,87.600269,105.145362,5.139470,3.755579,4.617930,5.377559,calls/second,milliseconds
1593709105,10856,108.463594,13.547410,0.000064,25.252069,0.000198,14.213534,78.130756,86.571186,105.145362,106.034276,5.130646,3.583228,4.568048,5.356630,calls/second,milliseconds
1593709110,10902,108.463594,12.472027,0.000064,24.297015,0.000147,13.620337,71.976522,86.571186,103.015107,106.034276,5.140234,3.984347,4.634690,5.374599,calls/second,milliseconds
1593709115,10914,108.463594,12.728744,0.000064,24.677827,0.000150,13.670337,76.310626,91.086506,105.352855,106.034276,5.133783,3.841679,4.594448,5.357011,calls/second,milliseconds
1593709120,10920,118.460081,13.889360,0.000064,26.452122,0.000169,14.228394,80.809831,104.651870,105.433917,118.460081,5.124558,3.710417,4.554872,5.339521,calls/second,milliseconds
1593709125,10975,118.460081,12.579557,0.000064,25.441157,0.000139,12.437722,78.130756,104.651870,105.433917,118.460081,5.138315,3.605642,4.519255,5.323236,calls/second,milliseconds
1593709130,10984,118.460081,13.444058,0.000064,26.459638,0.000147,13.685721,80.809831,105.141429,107.061356,118.460081,5.130507,4.132898,4.613149,5.350254,calls/second,milliseconds
1593709135,10986,118.460081,13.341680,0.000064,26.381082,0.000150,13.629175,80.725518,105.141429,107.061356,118.460081,5.119475,3.834432,4.543512,5.322828,calls/second,milliseconds
1593709140,10990,118.460081,13.182791,0.000064,26.174682,0.000157,13.576057,80.668951,105.141429,107.061356,118.460081,5.109453,3.607803,4.484943,5.298879,calls/second,milliseconds
1593709145,10997,118.460081,14.226783,0.000064,27.159868,0.000182,14.397922,84.996518,105.352855,106.263775,118.460081,5.100841,3.399295,4.427342,5.275063,calls/second,milliseconds
1593709150,11040,118.460081,13.275330,0.000064,26.145773,0.000168,13.544756,80.457039,105.141429,106.263775,118.460081,5.108944,3.815120,4.496310,5.293484,calls/second,milliseconds
1593709155,11068,118.460081,12.457982,0.000064,25.403968,0.000150,11.176428,80.349037,104.794636,106.263775,118.460081,5.110082,3.957831,4.514552,5.295182,calls/second,milliseconds
1593709160,11119,118.460081,10.805842,0.000064,23.793345,0.000133,3.247120,67.041628,99.783762,106.034276,118.460081,5.121801,4.472919,4.611830,5.323463,calls/second,milliseconds
1593709165,11165,118.460081,10.566945,0.000064,23.757885,0.000122,0.891022,70.396660,89.328051,105.433917,118.460081,5.131168,4.866866,4.690972,5.346048,calls/second,milliseconds
1593709170,11181,118.460081,10.485652,0.000064,23.614947,0.000107,0.743526,67.466375,87.904563,105.352855,118.460081,5.126749,4.733591,4.666328,5.334158,calls/second,milliseconds
1593709175,11198,118.460081,10.454835,0.000064,23.808572,0.000124,0.015600,67.466375,91.086506,106.263775,118.460081,5.122789,4.626963,4.645397,5.323443,calls/second,milliseconds
1593709180,11224,118.460081,10.978507,0.000064,24.963288,0.000125,0.004792,80.349037,99.783762,106.034276,118.460081,5.122979,4.640798,4.647953,5.320543,calls/second,milliseconds
1593709185,11228,118.460081,11.101114,0.000064,24.917681,0.000132,0.574729,80.349037,99.783762,106.034276,118.460081,5.113130,4.333705,4.584352,5.295498,calls/second,milliseconds
1593709190,11238,118.460081,11.186961,0.000064,25.060821,0.000132,0.014387,80.457039,95.826715,105.433917,118.460081,5.106056,4.163103,4.544942,5.278349,calls/second,milliseconds
1593709195,11245,118.460081,12.108479,0.000064,25.915608,0.000136,3.247120,84.695411,104.308702,105.811360,118.460081,5.097647,3.958169,4.496266,5.257970,calls/second,milliseconds
1593709200,11287,118.460081,11.105616,0.000064,25.043298,0.000123,0.014387,80.518814,91.694069,105.811360,118.460081,5.105129,4.313318,4.560789,5.275378,calls/second,milliseconds
1593709205,11291,118.460081,11.891731,0.000064,26.073001,0.000125,0.891022,85.099798,91.694069,105.811360,110.654424,5.095408,4.032409,4.498629,5.250583,calls/second,milliseconds
1593709210,11296,118.460081,12.613451,0.000064,27.060461,0.000132,2.015355,85.316368,104.308702,106.263775,110.654424,5.086194,3.757968,4.434190,5.224818,calls/second,milliseconds
1593709215,11304,118.460081,13.544851,0.000064,27.762798,0.000137,9.476192,85.338315,104.308702,106.263775,110.654424,5.078351,3.585427,4.387345,5.204736,calls/second,milliseconds
1593709220,11310,120.810446,13.883220,0.000064,28.368507,0.000144,9.476192,85.871532,105.145362,106.640954,120.810446,5.069675,3.394699,4.334663,5.182549,calls/second,milliseconds
1593709225,11363,120.810446,12.158106,0.000064,26.668197,0.000124,0.891022,85.277150,99.783762,106.640954,120.810446,5.082033,3.954812,4.434914,5.211455,calls/second,milliseconds
1593709230,11408,120.810446,11.333370,0.000064,25.876443,0.000111,0.002367,85.080871,104.308702,106.514828,120.810446,5.090773,4.118336,4.460783,5.215824,calls/second,milliseconds
1593709235,11411,120.810446,11.928268,0.000064,26.359181,0.000114,0.002783,85.080871,104.308702,106.514828,120.810446,5.080780,4.124865,4.456473,5.210196,calls/second,milliseconds
1593709240,11414,120.810446,12.622155,0.000064,26.994761,0.000118,0.743526,84.996518,103.015107,106.514828,120.810446,5.070808,3.843033,4.392731,5.184655,calls/second,milliseconds
1593709245,11421,120.810446,14.369654,0.000064,28.589438,0.000125,8.903987,85.099798,99.783762,106.514828,120.810446,5.062696,3.631707,4.339959,5.162579,calls/second,milliseconds
1593709250,11426,120.810446,15.554012,0.000064,29.407241,0.000133,14.786869,85.080871,96.317867,106.514828,120.810446,5.053684,3.421288,4.284755,5.139518,calls/second,milliseconds
1593709255,11431,120.810446,16.828658,0.000064,30.238696,0.000143,20.978045,85.080871,96.317867,106.514828,120.810446,5.044758,3.211701,4.227157,5.115476,calls/second,milliseconds
1593709260,11434,120.810446,17.650584,0.000064,30.785204,0.000150,25.899265,84.996518,96.317867,106.514828,120.810446,5.034951,3.018872,4.170511,5.091568,calls/second,milliseconds
1593709265,11441,120.810446,19.393735,0.000064,31.560549,0.000164,39.236923,84.695411,96.317867,106.514828,120.810446,5.026999,2.873443,4.121413,5.070008,calls/second,milliseconds
1593709270,11449,120.810446,21.044757,0.000064,32.786662,0.000184,44.847421,85.316368,104.651870,107.061356,120.810446,5.019473,2.787615,4.083043,5.051891,calls/second,milliseconds
1593709275,11466,120.810446,21.461368,0.000064,32.217265,0.000220,44.754051,85.099798,104.308702,106.640954,120.810446,5.015933,2.852570,4.075059,5.043848,calls/second,milliseconds
1593709280,11471,120.810446,21.279548,0.000064,31.934350,0.000237,41.281180,84.996518,96.317867,106.640954,120.810446,5.007168,2.672465,4.017621,5.019228,calls/second,milliseconds
1593709285,11482,120.810446,21.148779,0.000064,31.769468,0.000286,41.281180,83.704288,96.317867,106.640954,120.810446,5.001058,2.634688,3.987579,5.003609,calls/second,milliseconds
1593709290,11516,120.810446,18.304487,0.000064,30.452493,0.000187,33.787333,82.343225,94.137022,106.514828,120.810446,5.004962,2.951737,4.030758,5.012453,calls/second,milliseconds
1593709295,11604,120.810446,13.475625,0.000064,27.122729,0.000119,6.319738,79.869919,88.585324,106.420758,120.810446,5.032287,4.058983,4.241815,5.077758,calls/second,milliseconds
1593709300,11655,120.810446,11.443210,0.000064,25.347784,0.000102,0.001809,68.698755,88.432505,105.811360,120.810446,5.043451,4.645938,4.360130,5.112784,calls/second,milliseconds
1593709305,11661,120.810446,11.879373,0.000064,25.764638,0.000104,0.002103,73.554345,87.904563,105.811360,118.460081,5.035158,4.386408,4.311203,5.092215,calls/second,milliseconds
1593709310,11665,120.810446,12.243221,0.000064,26.232627,0.000109,0.002405,73.845478,88.585324,105.811360,118.460081,5.026032,4.099654,4.253168,5.068436,calls/second,milliseconds
1593709315,11670,120.810446,12.540205,0.000064,26.255052,0.000110,0.014903,73.845478,88.432505,105.433917,118.460081,5.017373,3.835828,4.196092,5.044788,calls/second,milliseconds
1593709320,11678,120.810446,13.000614,0.000064,26.244798,0.000118,6.319738,73.554345,88.432505,105.141429,118.460081,5.010047,3.641070,4.149877,5.024595,calls/second,milliseconds
1593709325,11812,120.810446,9.220089,0.000064,22.700535,0.000090,0.000314,67.230572,85.277150,94.156376,111.187129,5.056674,4.613245,4.342436,5.084292,calls/second,milliseconds
1593709330,11838,120.810446,10.044707,0.000064,23.824812,0.000097,0.000353,68.662381,87.609361,93.631862,111.187129,5.056994,5.363768,4.502062,5.133687,calls/second,milliseconds
1593709335,11895,120.810446,9.962172,0.000064,23.759030,0.000097,0.000384,70.470864,85.846350,93.631862,111.187129,5.070505,6.038292,4.655743,5.181700,calls/second,milliseconds
1593709340,11905,120.810446,10.742548,0.000064,25.069785,0.000099,0.000857,80.349037,89.490970,104.308702,111.187129,5.063985,5.699417,4.608542,5.162964,calls/second,milliseconds
1593709345,11915,120.810446,11.331171,0.000064,25.763494,0.000101,0.001528,80.663239,89.490970,104.252508,111.187129,5.057461,5.419619,4.568732,5.146549,calls/second,milliseconds
1593709350,11924,120.810446,11.421055,0.000064,25.815392,0.000102,0.001625,80.547910,89.490970,104.252508,111.187129,5.050584,5.130210,4.522969,5.128009,calls/second,milliseconds
1593709355,11975,120.810446,10.197362,0.000064,24.512699,0.000097,0.000349,80.208120,87.609361,104.252508,111.187129,5.061447,5.471604,4.603579,5.151676,calls/second,milliseconds
1593709360,11994,120.810446,10.649683,0.000064,24.828487,0.000101,0.000561,73.554345,86.588816,101.472707,111.187129,5.058812,5.369932,4.596909,5.146404,calls/second,milliseconds
1593709365,12041,120.810446,10.283628,0.000064,24.481021,0.000097,0.000478,70.470864,86.588816,96.317867,110.966385,5.067939,5.676167,4.672991,5.168861,calls/second,milliseconds
1593709370,12058,120.810446,9.941339,0.000064,23.970261,0.000102,0.000492,68.200367,86.334816,94.156376,110.966385,5.064451,5.526157,4.658562,5.161278,calls/second,milliseconds
1593709375,12102,120.810446,9.223833,0.000064,23.285491,0.000097,0.000375,67.904275,85.937447,93.631862,110.966385,5.072272,5.707964,4.710485,5.175897,calls/second,milliseconds
1593709380,12142,120.810446,8.433714,0.000064,22.418787,0.000092,0.000333,67.368565,85.937447,89.490970,110.966385,5.078395,5.587394,4.702048,5.170490,calls/second,milliseconds
1593709385,12165,120.810446,8.791428,0.000064,23.250792,0.000097,0.000332,68.043708,86.317728,96.317867,113.040943,5.077389,5.908224,4.783004,5.195030,calls/second,milliseconds
1593709390,12221,130.028151,8.190919,0.000064,22.885116,0.000097,0.000281,67.803338,86.317728,104.252508,130.028151,5.090130,6.347322,4.892373,5.229407,calls/second,milliseconds
1593709395,12290,130.028151,7.504846,0.000064,21.901506,0.000097,0.000275,67.350638,85.937447,93.631862,130.028151,5.108244,6.895232,5.029686,5.273565,calls/second,milliseconds
1593709400,12329,130.028151,7.287456,0.000064,21.376129,0.000097,0.000279,66.551473,85.846350,89.490970,130.028151,5.113812,6.999555,5.082087,5.289778,calls/second,milliseconds
1593709405,12390,130.028151,6.859411,0.000064,20.764954,0.000097,0.000279,66.298026,84.292758,88.849422,130.028151,5.128496,7.431351,5.203041,5.329169,calls/second,milliseconds
1593709410,12401,130.028151,7.189075,0.000064,21.340467,0.000097,0.000291,66.338201,85.656560,93.631862,130.028151,5.122434,6.933120,5.136877,5.306293,calls/second,milliseconds
1593709415,12442,130.028151,6.607420,0.000064,20.417292,0.000093,0.000280,65.661438,84.292758,88.849422,130.028151,5.128794,7.114370,5.204034,5.327865,calls/second,milliseconds
1593709420,12465,130.028151,6.974109,0.000064,20.752106,0.000096,0.000285,66.046317,84.911252,88.849422,130.028151,5.127692,6.881349,5.187439,5.321616,calls/second,milliseconds
1593709425,12518,130.028151,6.755598,0.000064,20.007230,0.000092,0.000280,64.857770,82.706835,86.334816,130.028151,5.138928,7.210659,5.283512,5.353076,calls/second,milliseconds
1593709430,12540,130.028151,7.042844,0.000064,20.375526,0.000097,0.000300,64.857770,82.706835,88.849422,130.028151,5.137403,6.921966,5.255686,5.343363,calls/second,milliseconds
1593709435,12545,130.028151,7.041121,0.000064,20.305554,0.000097,0.000320,64.727203,82.706835,88.849422,130.028151,5.128957,6.512436,5.198569,5.323732,calls/second,milliseconds
1593709440,12591,130.028151,6.899133,0.000064,19.712537,0.000113,0.000422,49.961073,81.326679,87.609361,130.028151,5.137255,6.151642,5.145701,5.305318,calls/second,milliseconds
1593709445,12603,130.028151,7.002948,0.000064,19.691510,0.000119,0.000441,49.753419,80.977622,86.334816,130.028151,5.131694,6.411366,5.216018,5.328004,calls/second,milliseconds
1593709450,12616,130.028151,7.833077,0.000064,21.066465,0.000125,0.000514,64.727203,86.075775,93.631862,130.028151,5.126556,6.090635,5.169474,5.311782,calls/second,milliseconds
1593709455,12661,130.028151,7.592426,0.000064,20.769462,0.000118,0.000484,49.961073,85.937447,105.010720,117.115805,5.134401,6.099379,5.186507,5.316703,calls/second,milliseconds
1593709460,12706,130.028151,7.360837,0.000064,20.452221,0.000101,0.000476,51.397736,85.920257,87.609361,117.115805,5.142224,6.555176,5.295818,5.352621,calls/second,milliseconds
1593709465,12716,130.028151,7.687337,0.000064,21.029214,0.000102,0.000484,65.065031,85.920257,87.383720,117.115805,5.135878,6.222946,5.247955,5.336263,calls/second,milliseconds
1593709470,12730,130.028151,8.313581,0.000064,22.094902,0.000111,0.000583,67.803338,86.317728,104.919042,117.115805,5.131175,5.917280,5.200882,5.319996,calls/second,milliseconds
1593709475,12737,130.028151,8.102349,0.000064,21.822918,0.000120,0.000991,66.551473,86.075775,104.919042,117.115805,5.123655,5.572090,5.141365,5.299387,calls/second,milliseconds
1593709480,12802,130.028151,7.398910,0.000064,20.880661,0.000100,0.000514,65.658230,85.656560,87.383720,117.115805,5.139479,6.134010,5.264645,5.339833,calls/second,milliseconds
1593709485,12812,130.028151,7.851184,0.000064,21.378499,0.000101,0.000583,66.337089,85.604598,87.383720,117.115805,5.133169,5.819464,5.213991,5.322438,calls/second,milliseconds
1593709490,12816,130.028151,8.046535,0.000064,21.449627,0.000102,0.000710,66.337089,85.604598,87.383720,117.115805,5.124525,5.434121,5.144340,5.298491,calls/second,milliseconds
1593709495,12872,130.028151,7.394711,0.000064,20.143584,0.000097,0.000653,51.397736,85.540395,87.080069,117.115805,5.136642,5.815180,5.227903,5.325646,calls/second,milliseconds
1593709500,12887,130.028151,7.506660,0.000064,20.292158,0.000097,0.000710,64.694811,85.070694,87.080069,117.115805,5.132395,5.686037,5.210913,5.319410,calls/second,milliseconds
1593709505,12935,130.028151,7.212718,0.000064,19.784078,0.000099,0.000632,49.700741,85.070694,86.402037,117.115805,5.141259,5.375327,5.154535,5.299912,calls/second,milliseconds
1593709510,12943,130.028151,8.014924,0.000064,20.937789,0.000102,0.001672,66.046317,85.970590,86.402037,117.115805,5.134251,5.649149,5.214790,5.319303,calls/second,milliseconds
1593709515,12955,130.028151,8.617281,0.000064,21.407188,0.000112,0.001894,67.281637,85.955553,86.402037,117.115805,5.128827,5.437334,5.178182,5.306454,calls/second,milliseconds
1593709520,13006,130.028151,7.763211,0.000064,20.353362,0.000099,0.001493,65.167966,85.920257,86.178142,117.115805,5.138853,5.786154,5.254574,5.331349,calls/second,milliseconds
1593709525,13031,130.028151,7.917569,0.000064,20.265346,0.000104,0.001692,65.167966,85.604598,86.178142,117.115805,5.138574,5.515412,5.207392,5.315108,calls/second,milliseconds
1593709530,13086,130.028151,7.632792,0.000064,19.895242,0.000096,0.000961,64.857770,85.604598,86.018682,113.040943,5.150114,6.145829,5.342804,5.359900,calls/second,milliseconds
1593709535,13116,130.028151,7.337378,0.000064,19.179586,0.000100,0.000991,51.397736,85.070694,86.018682,106.420758,5.151762,5.878311,5.300775,5.345718,calls/second,milliseconds
1593709540,13146,130.028151,7.407708,0.000064,19.489784,0.000097,0.000589,51.274104,85.540395,86.178142,106.310834,5.153443,6.175881,5.371835,5.369287,calls/second,milliseconds
1593709545,13150,130.028151,8.233083,0.000064,21.129132,0.000099,0.001039,65.356384,85.996928,104.865721,106.310834,5.144926,5.746049,5.296270,5.343973,calls/second,milliseconds
1593709550,13154,130.028151,8.829516,0.000064,22.045588,0.000100,0.001493,66.337089,86.402037,104.865721,106.310834,5.136449,5.334594,5.218647,5.317690,calls/second,milliseconds
1593709555,13165,130.028151,9.504183,0.000064,22.949739,0.000113,0.001852,68.154181,87.134132,104.865721,106.310834,5.130720,5.083966,5.168753,5.300418,calls/second,milliseconds
1593709560,13171,130.028151,9.653317,0.000064,22.870306,0.000121,0.001986,67.818946,87.134132,104.865721,106.310834,5.123075,4.805403,5.109767,5.279917,calls/second,milliseconds
1593709565,13198,130.028151,9.619919,0.000064,23.022701,0.000129,0.001896,69.584205,87.134132,104.865721,106.310834,5.123614,4.836953,5.111258,5.279474,calls/second,milliseconds
1593709570,13223,130.028151,10.190644,0.000064,23.345176,0.000140,0.014555,80.689468,87.134132,104.775508,106.310834,5.123382,4.818008,5.102808,5.275710,calls/second,milliseconds
1593709575,13228,130.028151,10.609760,0.000064,23.581749,0.000150,1.916635,80.717461,87.134132,104.775508,106.310834,5.115406,4.544719,5.041606,5.254238,calls/second,milliseconds
1593709580,13289,130.028151,9.331705,0.000064,22.091676,0.000126,0.002037,66.251115,86.178142,91.761839,106.310834,5.129075,5.156801,5.159924,5.292718,calls/second,milliseconds
1593709585,13315,130.028151,9.601748,0.000064,22.910524,0.000118,0.002012,71.231089,87.134132,104.865721,106.310834,5.129211,5.160255,5.160586,5.292205,calls/second,milliseconds
1593709590,13324,130.028151,10.464102,0.000064,23.817002,0.000128,0.002397,80.969103,89.061317,104.775508,105.194306,5.122793,4.859602,5.098429,5.270641,calls/second,milliseconds
1593709595,13329,130.028151,11.162854,0.000064,24.472788,0.000134,1.416817,85.070694,91.761839,104.929892,106.453747,5.114903,4.598978,5.040605,5.250305,calls/second,milliseconds
1593709600,13336,130.028151,11.898223,0.000064,25.212488,0.000147,3.714708,85.226840,93.047709,104.929892,106.453747,5.107781,4.295229,4.970514,5.225650,calls/second,milliseconds
1593709605,13398,130.028151,10.651480,0.000064,24.618405,0.000125,0.001986,82.126148,93.730124,105.194306,107.307194,5.121724,4.991224,5.103230,5.268721,calls/second,milliseconds
1593709610,13407,130.028151,10.822545,0.000064,24.842043,0.000132,0.001960,82.126148,93.047709,105.194306,107.307194,5.115383,4.720077,5.045327,5.248396,calls/second,milliseconds
1593709615,13442,111.727345,11.124717,0.000064,24.683202,0.000129,0.002037,80.717461,91.761839,104.941536,107.307194,5.118975,4.822414,5.061106,5.252560,calls/second,milliseconds
1593709620,13458,111.727345,11.810274,0.000064,25.042817,0.000149,1.891108,81.897561,91.761839,104.941536,107.307194,5.115335,4.724675,5.036956,5.243404,calls/second,milliseconds
1593709625,13471,111.727345,11.855429,0.000064,25.243540,0.000138,1.416817,82.126148,91.282085,104.941536,107.307194,5.110566,4.602769,5.006594,5.232084,calls/second,milliseconds
1593709630,13488,111.727345,12.481913,0.000064,25.249279,0.000157,9.643756,80.749889,89.061317,104.929892,107.307194,5.107309,4.506601,4.980039,5.221934,calls/second,milliseconds
1593709635,13495,111.727345,12.576721,0.000064,25.160916,0.000162,11.788203,80.749889,89.061317,104.929892,107.307194,5.100320,4.258210,4.920866,5.200759,calls/second,milliseconds
1593709640,13599,111.727345,9.981472,0.000064,22.941505,0.000125,0.002277,67.815820,87.134132,98.839989,107.307194,5.129931,5.564828,5.180020,5.286074,calls/second,milliseconds
1593709645,13609,111.727345,9.849423,0.000064,22.699329,0.000129,0.002801,67.647335,87.134132,98.839989,107.307194,5.124041,5.295791,5.130764,5.268976,calls/second,milliseconds
1593709650,13619,111.727345,10.313882,0.000064,22.754190,0.000139,1.619326,67.082902,87.097377,98.839989,107.307194,5.118168,5.000292,5.072406,5.248650,calls/second,milliseconds
1593709655,13628,107.307194,10.531798,0.000064,22.606920,0.000154,3.714708,66.451508,87.097377,98.839989,107.307194,5.111933,4.792384,5.028235,5.232868,calls/second,milliseconds
1593709660,13664,107.307194,9.697309,0.000064,21.737103,0.000132,0.773402,65.809544,85.996928,93.730124,107.307194,5.115843,4.968895,5.060825,5.242658,calls/second,milliseconds
1593709665,13672,107.307194,9.705051,0.000064,21.576278,0.000137,0.843371,65.167966,85.989160,93.730124,107.307194,5.109270,4.683542,5.000317,5.221369,calls/second,milliseconds
1593709670,13679,107.307194,10.243284,0.000064,22.217709,0.000150,2.356325,66.451508,85.970590,93.730124,107.307194,5.102365,4.436996,4.944115,5.201306,calls/second,milliseconds
1593709675,13686,107.307194,10.799476,0.000064,23.216010,0.000158,3.354290,67.876466,87.666679,104.775508,107.307194,5.095451,4.194171,4.885536,5.180246,calls/second,milliseconds
1593709680,13695,107.307194,11.293438,0.000064,23.524003,0.000174,9.643756,68.166457,87.666679,98.839989,107.307194,5.089351,3.938779,4.821313,5.157087,calls/second,milliseconds
1593709685,13718,107.307194,11.356926,0.000064,23.444480,0.000181,10.240778,67.815820,87.134132,98.839989,107.307194,5.088432,4.023630,4.824267,5.156217,calls/second,milliseconds
1593709690,13731,107.307194,11.565229,0.000064,23.417420,0.000190,11.120227,67.818946,87.097377,98.839989,107.307194,5.083840,3.957776,4.797420,5.145379,calls/second,milliseconds
1593709695,13743,107.307194,12.329652,0.000064,23.863351,0.000201,16.779273,68.154181,87.666679,98.839989,107.307194,5.078874,3.817232,4.754489,5.129061,calls/second,milliseconds
1593709700,13745,107.307194,12.952763,0.000064,24.677194,0.000207,18.013564,80.717461,87.666679,93.730124,107.307194,5.070212,3.559996,4.685821,5.103969,calls/second,milliseconds
1593709705,13756,107.307194,13.648918,0.000064,25.147207,0.000229,19.126577,80.650123,87.666679,93.730124,106.453747,5.064949,3.403284,4.634817,5.084557,calls/second,milliseconds
1593709710,13767,107.307194,13.328719,0.000064,24.748408,0.000269,19.024023,75.654525,87.134132,93.047709,106.453747,5.059664,3.355048,4.604490,5.071900,calls/second,milliseconds
1593709715,13803,107.307194,12.743081,0.000064,24.334376,0.000342,17.956837,75.654525,85.887616,89.061317,106.453747,5.063599,3.582518,4.630861,5.078150,calls/second,milliseconds
1593709720,13819,107.307194,13.151707,0.000064,24.325467,0.000387,19.024023,70.298860,85.800912,88.470585,106.453747,5.060209,3.615898,4.620434,5.072177,calls/second,milliseconds
1593709725,13822,127.267999,13.767318,0.000064,25.347572,0.000401,20.120695,75.654525,87.666679,104.775508,127.267999,5.052029,3.374760,4.553982,5.047400,calls/second,milliseconds
1593709730,13830,127.267999,14.575899,0.000064,25.434629,0.000500,22.580370,75.654525,87.097377,98.839989,127.267999,5.045742,3.168893,4.491934,5.023869,calls/second,milliseconds
1593709735,13845,127.267999,14.589498,0.000064,25.373452,0.000413,23.798463,68.166457,85.955553,98.839989,127.267999,5.042031,3.235345,4.483803,5.018197,calls/second,milliseconds
1593709740,13848,127.267999,14.858641,0.000064,25.461691,0.000413,24.744502,67.890903,85.887616,98.839989,127.267999,5.033947,3.008643,4.416304,4.992611,calls/second,milliseconds
1593709745,13868,130.340674,14.946632,0.000064,26.344537,0.000388,24.627598,75.654525,87.666679,106.405589,130.340674,5.032093,3.087908,4.409423,4.987112,calls/second,milliseconds
1593709750,13877,130.340674,14.967892,0.000064,26.545018,0.000372,23.798463,76.566106,89.061317,106.405589,130.340674,5.026214,3.000923,4.369599,4.970563,calls/second,milliseconds
1593709755,13884,130.340674,16.284981,0.000064,28.549021,0.000393,25.834353,82.367206,106.405589,108.767083,130.340674,5.019683,2.856930,4.317210,4.949673,calls/second,milliseconds
1593709760,13894,130.340674,17.684776,0.000064,30.234977,0.000568,31.719308,86.171545,106.380030,108.767083,130.340674,5.014216,2.788413,4.278910,4.933332,calls/second,milliseconds
1593709765,13897,130.340674,19.054284,0.000064,31.765884,0.000600,33.292061,90.743731,105.621429,108.767083,130.340674,5.006276,2.629429,4.221409,4.910432,calls/second,milliseconds
1593709770,13908,130.340674,19.304481,0.000064,32.058466,0.000822,33.292061,103.435287,105.621429,108.767083,130.340674,5.001228,2.563111,4.181386,4.893200,calls/second,milliseconds
1593709775,13913,130.340674,20.661465,0.000064,33.198552,0.001415,37.013462,104.262526,105.621429,108.767083,130.340674,4.994039,2.454123,4.132108,4.872739,calls/second,milliseconds
1593709780,13939,130.340674,17.861881,0.000064,31.558134,0.000382,27.287519,103.435287,105.588111,107.734856,130.340674,4.994415,2.305875,4.073728,4.849068,calls/second,milliseconds
1593709785,13951,130.340674,19.216169,0.000064,32.057156,0.000600,31.990976,97.946450,105.588111,107.734856,130.340674,4.989784,2.665206,4.118789,4.859876,calls/second,milliseconds
1593709790,14027,130.340674,14.322738,0.000064,28.330238,0.000218,18.118708,86.564370,105.001862,105.621429,130.340674,5.008011,3.667432,4.301945,4.917162,calls/second,milliseconds
1593709795,14063,130.340674,13.039719,0.000064,27.148661,0.000159,6.698997,86.171545,104.972513,105.621429,130.340674,5.011908,3.486139,4.253980,4.897676,calls/second,milliseconds
1593709800,14098,130.340674,12.353489,0.000064,26.321104,0.000174,2.852109,85.894066,104.605316,105.588111,130.340674,5.015446,4.230834,4.395234,4.941456,calls/second,milliseconds
1593709805,14144,130.340674,10.695982,0.000064,24.705261,0.000145,0.002081,75.654525,103.435287,105.182584,130.340674,5.022883,4.628146,4.474649,4.965049,calls/second,milliseconds
1593709810,14149,130.340674,10.787561,0.000064,24.553368,0.000147,0.002453,68.245037,103.435287,105.182584,130.340674,5.015752,4.354047,4.420524,4.944190,calls/second,milliseconds
1593709815,14159,130.340674,11.232900,0.000064,24.895521,0.000159,0.007837,76.566106,98.839989,105.182584,130.340674,5.010397,4.149837,4.377211,4.926771,calls/second,milliseconds
1593709820,14168,130.340674,11.484245,0.000064,24.812174,0.000173,1.618302,68.245037,97.946450,105.182584,130.340674,5.004733,3.961954,4.334613,4.909448,calls/second,milliseconds
1593709825,14176,130.340674,12.542055,0.000064,26.084263,0.000187,6.698997,82.424014,104.262526,105.218309,130.340674,4.998721,3.789094,4.292720,4.892222,calls/second,milliseconds
1593709830,14219,130.340674,10.873003,0.000064,24.436053,0.000149,0.014806,76.566106,97.946450,105.218309,130.340674,5.005064,4.189744,4.367219,4.913871,calls/second,milliseconds
1593709835,14228,130.340674,11.941383,0.000064,25.464397,0.000166,2.016233,80.889807,104.262526,105.588111,130.340674,4.999438,3.982679,4.321480,4.895512,calls/second,milliseconds
1593709840,14293,130.340674,10.045129,0.000064,23.638460,0.000123,0.002229,67.890903,90.743731,105.218309,127.267999,5.013476,4.719656,4.468229,4.941520,calls/second,milliseconds
1593709845,14303,130.340674,10.797840,0.000064,25.255931,0.000134,0.002693,82.294739,104.972513,105.621429,127.267999,5.008187,4.438239,4.414210,4.920791,calls/second,milliseconds
1593709850,14325,130.340674,11.295568,0.000064,25.660882,0.000134,0.114438,82.424014,105.092491,105.588111,127.267999,5.007139,4.499146,4.427198,4.922338,calls/second,milliseconds
1593709855,14340,130.340674,11.543932,0.000064,25.922062,0.000142,1.012226,82.911878,105.059658,105.588111,127.267999,5.003638,4.347299,4.396997,4.909472,calls/second,milliseconds
1593709860,14379,130.340674,11.523830,0.000064,25.338700,0.000147,2.016233,79.535576,105.059658,105.238603,127.267999,5.008503,4.591380,4.446633,4.923270,calls/second,milliseconds
1593709865,14388,130.340674,12.411779,0.000065,26.506503,0.000156,6.173011,86.416567,105.059658,105.238603,124.668850,5.002928,4.384184,4.406193,4.907075,calls/second,milliseconds
1593709870,14398,130.340674,12.109594,0.000065,26.114685,0.000166,4.189006,85.894066,105.059658,105.238603,124.668850,4.997701,4.225538,4.373034,4.893185,calls/second,milliseconds
1593709875,14408,130.340674,13.179734,0.000065,26.967636,0.000180,10.516946,86.416567,105.059658,105.238603,124.668850,4.992523,4.047593,4.333811,4.877156,calls/second,milliseconds
1593709880,14412,130.340674,13.411740,0.000065,26.904410,0.000191,11.994529,86.187488,105.059658,105.238603,124.668850,4.985279,3.787930,4.275402,4.854568,calls/second,milliseconds
1593709885,14449,130.340674,11.736811,0.000065,25.403695,0.000167,3.517318,82.294739,104.927604,105.218309,124.668850,4.989443,4.092727,4.330353,4.869778,calls/second,milliseconds
1593709890,14477,130.340674,12.000777,0.000064,25.937095,0.000167,3.517318,85.787931,104.605316,105.092491,124.668850,4.990478,4.149277,4.338116,4.869392,calls/second,milliseconds
1593709895,14488,130.340674,12.655030,0.000064,26.388683,0.000180,8.432885,86.187488,104.262526,105.092491,124.668850,4.985697,3.993421,4.302776,4.854603,calls/second,milliseconds
1593709900,14538,130.340674,11.473356,0.000064,25.200869,0.000147,3.202152,85.102878,97.946450,105.076580,124.668850,4.994300,4.521654,4.406860,4.886433,calls/second,milliseconds
1593709905,14547,130.340674,12.025839,0.000064,25.583431,0.000157,4.003858,85.658336,90.743731,105.076580,124.668850,4.988832,4.320034,4.367078,4.870442,calls/second,milliseconds
1593709910,14614,130.340674,10.949749,0.000064,24.676099,0.000124,1.618302,84.655975,88.688649,105.059658,124.668850,5.003218,5.030037,4.513073,4.916589,calls/second,milliseconds
1593709915,14642,130.340674,11.039894,0.000064,24.746044,0.000130,2.016233,84.655975,97.946450,105.076580,124.668850,5.004236,5.075609,4.531039,4.920375,calls/second,milliseconds
1593709920,14757,130.340674,8.195536,0.000064,21.657296,0.000097,0.000397,65.843413,87.694819,104.927604,107.734856,5.034940,4.733750,4.469370,4.897548,calls/second,milliseconds
1593709925,14835,130.340674,7.345613,0.000064,20.597181,0.000096,0.000282,52.574115,87.485928,104.927604,107.578940,5.052929,6.753928,4.891354,5.036619,calls/second,milliseconds
1593709930,14839,144.816810,7.737364,0.000064,21.553099,0.000097,0.000297,54.035400,87.694819,105.076580,144.816810,5.045705,6.917523,4.955958,5.057469,calls/second,milliseconds
1593709935,14946,144.816810,6.739783,0.000064,20.651192,0.000096,0.000245,48.783201,87.666071,105.076580,144.816810,5.073466,6.524339,4.907101,5.040530,calls/second,milliseconds
1593709940,14965,144.816810,6.724096,0.000064,20.337178,0.000097,0.000254,46.290969,87.410488,105.059658,144.816810,5.071306,7.825669,5.202844,5.138920,calls/second,milliseconds
1593709945,14971,144.816810,7.454714,0.000064,21.543910,0.000097,0.000282,54.035400,88.688649,105.059658,144.816810,5.064750,7.295910,5.136683,5.117098,calls/second,milliseconds
1593709950,14981,144.816810,7.697106,0.000064,21.533415,0.000097,0.000333,52.574115,88.688649,105.059658,144.816810,5.059578,6.904455,5.091450,5.102045,calls/second,milliseconds
1593709955,14997,144.816810,8.295540,0.000064,22.097576,0.000099,0.000369,66.412248,87.809219,105.009359,144.816810,5.056455,6.496325,5.037047,5.083751,calls/second,milliseconds
1593709960,15012,144.816810,8.633111,0.000064,22.308860,0.000100,0.000410,66.412248,87.809219,105.009359,144.816810,5.052991,6.328712,5.026517,5.079963,calls/second,milliseconds
1593709965,15025,144.816810,9.566828,0.000064,23.319426,0.000102,0.001988,66.805492,88.688649,105.009359,144.816810,5.048856,5.982607,4.976493,5.062900,calls/second,milliseconds
1593709970,15032,144.816810,9.919198,0.000064,23.611410,0.000104,0.002321,67.671101,88.688649,105.009359,144.816810,5.042747,5.632193,4.920685,5.043715,calls/second,milliseconds
1593709975,15040,144.816810,10.106991,0.000064,23.517997,0.000110,0.002653,66.805492,88.095431,105.009359,144.816810,5.036972,5.325788,4.869104,5.025744,calls/second,milliseconds
1593709980,15048,144.816810,10.620347,0.000064,24.097951,0.000116,0.909243,67.717289,89.723545,105.083223,144.816810,5.031235,5.027891,4.815071,5.006765,calls/second,milliseconds
1593709985,15077,144.816810,10.801337,0.000064,24.641993,0.000116,0.015035,68.321307,104.885790,105.083223,144.816810,5.032505,5.089625,4.831350,5.011159,calls/second,milliseconds
1593709990,15083,144.816810,11.170755,0.000064,25.009673,0.000119,1.193203,68.429252,104.075058,105.083223,144.816810,5.026115,4.778628,4.771329,4.990045,calls/second,milliseconds
1593709995,15091,144.816810,12.165026,0.000064,26.125230,0.000125,3.582711,84.438082,104.075058,105.083223,144.816810,5.020413,4.524479,4.718912,4.971264,calls/second,milliseconds
1593710000,15113,144.816810,13.373908,0.000064,27.144058,0.000140,11.085610,84.438082,104.885790,105.122212,144.816810,5.019407,4.466553,4.703724,4.964775,calls/second,milliseconds
1593710005,15128,144.816810,14.343229,0.000064,27.617431,0.000155,16.081442,83.794947,104.075058,105.122212,144.816810,5.016057,4.333302,4.672258,4.952781,calls/second,milliseconds
1593710010,15136,144.816810,14.982837,0.000064,28.071553,0.000166,18.586529,83.794947,104.075058,105.122212,144.816810,5.010396,4.162733,4.631395,4.937531,calls/second,milliseconds
1593710015,15254,144.816810,10.601495,0.000064,24.552922,0.000101,0.004140,73.772314,98.387907,105.009359,115.242712,5.041125,5.716851,4.944919,5.040924,calls/second,milliseconds
1593710020,15268,144.816810,10.987821,0.000064,24.393149,0.000112,1.076196,68.429252,98.387907,104.942577,115.242712,5.037420,5.499624,4.912772,5.029617,calls/second,milliseconds
1593710025,15274,144.816810,11.456635,0.000064,24.512693,0.000117,3.014394,68.429252,89.723545,104.942577,115.242712,5.031096,5.139854,4.848099,5.007292,calls/second,milliseconds
1593710030,15282,144.816810,11.788254,0.000064,24.659019,0.000121,6.655186,68.762375,89.723545,104.942577,115.242712,5.025462,4.888805,4.801024,4.990631,calls/second,milliseconds
1593710035,15312,144.816810,11.073482,0.000064,23.919251,0.000114,2.846861,68.321307,89.206790,104.885790,115.242712,5.027046,4.945669,4.814230,4.994007,calls/second,milliseconds
1593710040,15319,144.816810,11.740199,0.000064,24.619869,0.000119,3.582711,68.972125,89.206790,104.885790,115.242712,5.021119,4.678164,4.761104,4.975204,calls/second,milliseconds
1593710045,15333,144.816810,12.061676,0.000064,24.639220,0.000127,8.898943,68.972125,88.095431,104.075058,115.242712,5.017475,4.512003,4.725384,4.962045,calls/second,milliseconds
1593710050,15397,144.816810,10.869592,0.000064,23.570818,0.000106,1.147102,67.128937,85.862969,101.711899,115.242712,5.030200,5.126701,4.848928,5.002144,calls/second,milliseconds
1593710055,15410,144.816810,10.978457,0.000064,23.357453,0.000118,2.846861,66.829500,85.524080,101.711899,115.242712,5.026226,5.004633,4.828285,4.994376,calls/second,milliseconds
1593710060,15487,144.816810,9.673719,0.000064,21.834676,0.000102,0.382668,65.904481,81.458999,98.387907,115.242712,5.043119,5.771836,4.989798,5.047593,calls/second,milliseconds
1593710065,15510,144.816810,9.499347,0.000064,21.705762,0.000112,0.014577,65.830110,81.458999,89.723545,115.242712,5.042398,5.710124,4.989966,5.047329,calls/second,milliseconds
1593710070,15517,144.816810,9.776719,0.000064,22.035323,0.000115,0.144302,66.258250,84.655975,89.723545,115.242712,5.036497,5.349514,4.927324,5.026014,calls/second,milliseconds
1593710075,15528,144.816810,10.636620,0.000064,22.437430,0.000124,3.014394,65.904481,83.794947,89.206790,115.242712,5.031892,5.113684,4.885551,5.011466,calls/second,milliseconds
1593710080,15533,144.816810,11.284277,0.000064,22.799797,0.000126,6.655186,65.765561,83.794947,89.206790,115.242712,5.025373,4.800763,4.824634,4.990350,calls/second,milliseconds
1593710085,15534,144.816810,11.428394,0.000064,22.884229,0.000127,8.125481,65.765561,83.794947,89.206790,115.242712,5.017575,4.448897,4.751501,4.964918,calls/second,milliseconds
1593710090,15539,144.816810,12.116539,0.000064,23.200249,0.000132,10.947989,65.765561,81.458999,89.206790,115.242712,5.011097,4.173139,4.689494,4.942952,calls/second,milliseconds
1593710095,15542,144.816810,12.560612,0.000064,23.412025,0.000136,16.081442,65.748952,81.458999,89.206790,115.242712,5.004000,3.871455,4.618595,4.917783,calls/second,milliseconds
1593710100,15547,144.816810,13.237295,0.000064,23.608439,0.000141,19.014761,65.719552,81.458999,88.832751,115.242712,4.997552,3.641866,4.558785,4.896078,calls/second,milliseconds
1593710105,15567,144.816810,13.891835,0.000064,24.121683,0.000164,24.263790,65.719552,85.025353,101.711899,115.242712,4.995964,3.622528,4.539632,4.887790,calls/second,milliseconds
1593710110,15578,144.816810,13.981277,0.000064,24.420893,0.000189,22.789074,66.395052,86.375353,101.711899,115.242712,4.991476,3.572753,4.514184,4.877331,calls/second,milliseconds
1593710115,15611,144.816810,12.967923,0.000064,23.760617,0.000170,17.105063,66.031833,85.025353,89.723545,109.855308,4.994059,3.782816,4.542048,4.884659,calls/second,milliseconds
1593710120,15617,144.816810,13.373677,0.000064,24.161037,0.000182,19.014761,66.395052,86.182250,89.206790,109.855308,4.987991,3.592297,4.490115,4.865353,calls/second,milliseconds
1593710125,15637,144.816810,12.856962,0.000064,23.697588,0.000201,17.199431,66.312232,86.182250,88.832751,109.855308,4.986422,3.512957,4.458874,4.852803,calls/second,milliseconds
1593710130,15646,144.816810,13.692435,0.000064,24.489970,0.000215,19.909043,68.096295,86.182250,88.832751,109.855308,4.981342,3.471943,4.434761,4.842538,calls/second,milliseconds
1593710135,15697,144.816810,11.678358,0.000064,22.688296,0.000183,8.898943,66.312232,83.561710,86.375353,109.855308,4.989636,4.025880,4.533358,4.873327,calls/second,milliseconds
1593710140,15735,115.242712,10.416382,0.000064,21.495731,0.000154,3.018165,65.032332,81.129040,86.375353,109.855308,4.993786,4.327642,4.587350,4.889542,calls/second,milliseconds
1593710145,15744,115.242712,10.956951,0.000064,22.053889,0.000162,6.939536,66.108777,83.561710,88.678806,109.855308,4.988731,4.109552,4.537974,4.871317,calls/second,milliseconds
1593710150,15758,115.242712,11.401925,0.000064,22.712506,0.000182,8.720759,66.829500,86.375353,88.832751,109.855308,4.985263,4.004846,4.509248,4.859842,calls/second,milliseconds
1593710155,15764,115.242712,11.659825,0.000064,23.101532,0.000186,8.720759,68.040891,86.909370,88.832751,109.855308,4.979286,3.764592,4.451245,4.838457,calls/second,milliseconds
1593710160,15810,115.242712,10.490754,0.000063,21.696966,0.000141,4.750967,65.637526,86.194630,88.678806,109.855308,4.985938,4.199183,4.529735,4.862621,calls/second,milliseconds
1593710165,15833,115.242712,10.719896,0.000063,21.371771,0.000160,8.720759,64.840311,86.182250,88.678806,109.855308,4.985341,4.263213,4.537508,4.863382,calls/second,milliseconds
1593710170,15840,115.242712,11.537833,0.000063,22.630783,0.000182,13.716065,67.128937,86.909370,88.678806,109.855308,4.979692,4.018292,4.482344,4.843086,calls/second,milliseconds
1593710175,15874,115.242712,10.573421,0.000063,21.490566,0.000167,7.789014,65.032332,86.182250,87.820823,109.855308,4.982555,4.240705,4.520651,4.853928,calls/second,milliseconds
1593710180,15883,115.242712,11.561409,0.000063,22.895021,0.000184,10.947989,69.346953,86.182250,87.820823,109.855308,4.977565,4.061548,4.478988,4.838117,calls/second,milliseconds
1593710185,15891,115.242712,12.117007,0.000063,23.634599,0.000196,15.985353,79.872540,86.909370,88.832751,109.855308,4.972275,3.832751,4.424791,4.817961,calls/second,milliseconds
1593710190,16013,115.242712,8.442804,0.000063,20.331512,0.000130,0.001905,52.174219,83.561710,87.194929,107.159484,5.002619,5.493209,4.758258,4.927557,calls/second,milliseconds
1593710195,16029,115.242712,9.171389,0.000063,20.989803,0.000137,0.002321,65.765561,83.070927,87.194929,107.159484,4.999816,5.293863,4.729197,4.916878,calls/second,milliseconds
1593710200,16083,114.745251,9.319121,0.000063,21.462304,0.000155,0.002321,66.258250,84.756893,88.678806,114.745251,5.008849,5.702127,4.822927,4.947255,calls/second,milliseconds
1593710205,16094,114.745251,9.732925,0.000063,21.268462,0.000161,0.909243,65.032332,84.756893,88.678806,114.745251,5.004482,5.454095,4.786185,4.934251,calls/second,milliseconds
1593710210,16163,114.745251,8.569939,0.000063,19.925046,0.000142,0.002167,50.566713,81.515746,87.820823,114.745251,5.018143,6.121396,4.935171,4.983368,calls/second,milliseconds
1593710215,16168,114.745251,8.862680,0.000063,20.268055,0.000146,0.003343,55.088995,81.515746,87.820823,114.745251,5.011905,5.743894,4.876739,4.963516,calls/second,milliseconds
1593710220,16169,114.745251,8.876266,0.000063,20.241348,0.000146,0.014260,55.088995,81.515746,87.820823,114.745251,5.004469,5.300629,4.799440,4.937125,calls/second,milliseconds
1593710225,16181,114.745251,9.714121,0.000063,20.907610,0.000152,2.357743,65.078738,83.070927,87.194929,114.745251,5.000434,5.068708,4.759780,4.923069,calls/second,milliseconds
1593710230,16188,114.745251,9.999675,0.000063,21.423011,0.000160,2.430015,66.575901,85.408152,87.194929,114.745251,4.994887,4.775374,4.704248,4.903551,calls/second,milliseconds
1593710235,16321,114.745251,7.593606,0.000063,19.045457,0.000090,0.000437,50.894590,81.129040,86.909370,114.745251,5.028164,6.520375,5.066153,5.023753,calls/second,milliseconds
1593710240,16339,115.015503,8.132215,0.000063,20.066496,0.000102,0.001624,65.078738,81.391736,86.961978,115.015503,5.025969,6.222910,5.028697,5.011433,calls/second,milliseconds
1593710245,16351,115.015503,9.245756,0.000063,21.553048,0.000107,0.002091,67.133058,83.070927,86.961978,115.015503,5.021934,5.949229,4.991860,4.999181,calls/second,milliseconds
1593710250,16353,115.015503,9.446391,0.000063,21.908711,0.000108,0.002130,67.370947,83.486784,88.485189,115.015503,5.014850,5.521528,4.919269,4.974809,calls/second,milliseconds
1593710255,16354,115.015503,9.541613,0.000063,21.943844,0.000109,0.002168,67.302353,83.486784,88.485189,115.015503,5.007474,5.112034,4.844572,4.949464,calls/second,milliseconds
1593710260,16359,115.015503,10.040740,0.000063,22.127133,0.000119,0.004039,67.302353,83.486784,88.485189,115.015503,5.001353,4.783254,4.781026,4.927583,calls/second,milliseconds
1593710265,16388,115.015503,9.391636,0.000063,21.347047,0.000103,0.002172,66.697608,83.070927,87.820823,115.015503,5.002570,4.864548,4.797869,4.932417,calls/second,milliseconds
1593710270,16399,115.015503,9.998449,0.000063,22.167964,0.000118,0.004039,66.697608,83.561710,88.485189,115.015503,4.998298,4.571547,4.738401,4.911738,calls/second,milliseconds
1593710275,16403,115.015503,10.325334,0.000063,22.773352,0.000124,0.014967,67.302353,86.065250,103.987179,115.015503,4.991915,4.349946,4.689834,4.894499,calls/second,milliseconds
1593710280,16411,115.015503,10.703397,0.000063,23.163874,0.000134,0.730607,67.370947,86.961978,103.987179,115.015503,4.986756,4.098091,4.632152,4.874031,calls/second,milliseconds
1593710285,16447,115.015503,9.792303,0.000063,22.413117,0.000107,0.002197,67.133058,86.182250,103.987179,115.015503,4.990118,3.866372,4.575423,4.853676,calls/second,milliseconds
1593710290,16450,123.532269,10.151940,0.000063,23.374789,0.000108,0.002197,67.766218,88.485189,105.877967,123.532269,4.983457,4.100932,4.612192,4.864459,calls/second,milliseconds
1593710295,16467,123.532269,11.203081,0.000063,24.494679,0.000125,0.014967,69.346953,86.961978,105.877967,123.532269,4.981076,3.996915,4.582239,4.853022,calls/second,milliseconds
1593710300,16474,123.532269,11.860498,0.000063,25.212767,0.000136,0.849769,80.457452,86.961978,105.877967,123.532269,4.975660,3.837251,4.539559,4.837215,calls/second,milliseconds
1593710305,16549,123.532269,9.492446,0.000063,23.039229,0.000097,0.001866,68.511653,83.070927,90.332027,123.532269,4.990782,4.745766,4.715760,4.894627,calls/second,milliseconds
1593710310,16558,123.532269,10.011598,0.000063,23.655908,0.000099,0.001984,68.900311,85.408152,95.375209,123.532269,4.985963,4.494244,4.664261,4.876374,calls/second,milliseconds
1593710315,16585,123.532269,9.761454,0.000063,23.107764,0.000098,0.002180,68.511653,83.070927,95.375209,123.532269,4.986599,4.566665,4.676422,4.879275,calls/second,milliseconds
1593710320,16597,123.532269,10.607305,0.000063,23.800542,0.000100,0.003820,68.900311,86.065250,105.877967,123.532269,4.982711,4.377437,4.635490,4.864431,calls/second,milliseconds
1593710325,16606,123.532269,11.528678,0.000063,25.046492,0.000103,0.015225,80.457452,88.485189,105.684343,123.532269,4.977938,4.171356,4.588624,4.847454,calls/second,milliseconds
1593710330,16684,123.532269,9.111386,0.000063,22.465565,0.000087,0.001967,66.645684,86.065250,105.684343,123.532269,4.993833,5.117122,4.777237,4.909241,calls/second,milliseconds
1593710335,16700,123.532269,9.960778,0.000063,23.375623,0.000095,0.002197,68.075166,87.999380,103.987179,123.532269,4.991164,4.867891,4.731334,4.893123,calls/second,milliseconds
1593710340,16726,123.532269,9.595399,0.000063,22.680904,0.000101,0.002260,67.748478,86.961978,103.987179,123.532269,4.991472,4.974400,4.755609,4.900364,calls/second,milliseconds
1593710345,16771,123.532269,8.796185,0.000063,22.026629,0.000101,0.001757,66.697608,85.305863,95.375209,123.532269,4.997437,5.296270,4.825762,4.923076,calls/second,milliseconds
1593710350,16781,123.532269,9.542965,0.000063,22.909969,0.000107,0.002192,67.753172,83.486784,95.375209,123.532269,4.992986,5.016723,4.775751,4.905774,calls/second,milliseconds
1593710355,16841,123.532269,8.919134,0.000063,22.333698,0.000099,0.001021,67.748478,82.583057,90.336769,123.532269,5.003395,5.607058,4.901768,4.947293,calls/second,milliseconds
1593710360,16849,123.532269,9.910900,0.000063,23.482018,0.000101,0.002167,70.392157,82.576923,90.336769,123.532269,4.998348,5.286671,4.847195,4.928748,calls/second,milliseconds
1593710365,16857,123.532269,10.632307,0.000063,24.047663,0.000109,0.002301,70.392157,82.810513,91.032323,123.532269,4.993316,4.991901,4.793524,4.910307,calls/second,milliseconds
1593710370,16872,123.532269,11.071840,0.000063,24.269255,0.000120,0.003023,71.971381,85.305863,91.032323,115.015503,4.990366,4.832637,4.763879,4.899723,calls/second,milliseconds
1593710375,16873,123.532269,11.335975,0.000063,24.635298,0.000120,0.014677,79.979104,86.637293,91.032323,115.015503,4.983284,4.462232,4.688445,4.873686,calls/second,milliseconds
1593710380,16879,123.532269,11.744405,0.000063,25.022599,0.000127,0.465597,81.119026,86.821792,91.032323,115.015503,4.977712,4.169416,4.624175,4.851117,calls/second,milliseconds
1593710385,16931,123.532269,10.669674,0.000063,23.545260,0.000097,0.002564,68.956116,86.637293,90.336769,115.015503,4.985695,4.651595,4.716335,4.880751,calls/second,milliseconds
1593710390,16939,123.532269,11.644560,0.000063,24.851030,0.000100,1.231423,80.145067,87.095260,105.587138,115.015503,4.980717,4.423594,4.668132,4.863683,calls/second,milliseconds
1593710395,16946,123.532269,11.723481,0.000063,24.826187,0.000101,1.231423,71.971381,87.095260,105.587138,115.015503,4.975454,4.213823,4.620726,4.846710,calls/second,milliseconds
1593710400,16947,123.532269,11.981875,0.000063,25.144540,0.000102,2.887243,80.849396,87.095260,105.587138,115.015503,4.968465,3.892896,4.547658,4.820966,calls/second,milliseconds
1593710405,16996,123.532269,10.729988,0.000063,23.562859,0.000103,0.014677,68.080125,86.821792,95.375209,114.745251,4.975526,4.333219,4.627860,4.846335,calls/second,milliseconds
1593710410,17006,123.532269,10.738431,0.000063,23.496611,0.000107,0.003820,67.753172,86.821792,95.375209,114.745251,4.971189,4.178648,4.591037,4.832782,calls/second,milliseconds
1593710415,17014,123.532269,11.000492,0.000063,23.998096,0.000123,0.794860,68.080125,87.095260,105.587138,114.745251,4.966265,3.940488,4.534988,4.812656,calls/second,milliseconds
1593710420,17137,123.532269,8.048780,0.000064,20.787057,0.000087,0.001546,62.456407,84.756893,91.032323,112.751577,4.994881,5.528367,4.853411,4.917848,calls/second,milliseconds
1593710425,17277,115.015503,5.898881,0.000063,17.716664,0.000080,0.000210,42.721465,81.119026,87.095260,112.751577,5.028357,7.421046,5.255824,5.052375,calls/second,milliseconds
1593710430,17288,115.015503,6.215637,0.000063,18.207396,0.000080,0.000229,46.980837,81.391736,87.095260,112.751577,5.024250,6.987603,5.202010,5.035465,calls/second,milliseconds
1593710435,17380,112.751577,5.927525,0.000063,18.056288,0.000080,0.000231,42.721465,82.353278,87.095260,112.751577,5.043654,7.788150,5.397014,5.101750,calls/second,milliseconds
1593710440,17413,112.751577,5.934146,0.000063,18.099103,0.000081,0.000229,42.721465,86.151889,86.907435,112.751577,5.045914,7.789098,5.436732,5.116699,calls/second,milliseconds
1593710445,17425,112.751577,5.848660,0.000063,17.917906,0.000082,0.000244,42.370569,85.305863,86.907435,110.532562,5.042072,7.374200,5.389845,5.102756,calls/second,milliseconds
1593710450,17431,112.751577,6.314559,0.000063,18.781285,0.000082,0.000250,46.980837,86.151889,88.208627,110.532562,5.036520,6.880539,5.320593,5.081134,calls/second,milliseconds
1593710455,17441,130.817017,7.257029,0.000063,20.792119,0.000083,0.000299,60.291009,86.855299,95.375209,130.817017,5.032148,6.458330,5.259097,5.061848,calls/second,milliseconds
1593710460,17504,136.003015,7.312339,0.000063,21.580519,0.000085,0.000277,64.383728,86.956397,107.129256,136.003015,5.043047,6.949391,5.380431,5.103610,calls/second,milliseconds
1593710465,17656,136.003015,5.719218,0.000063,18.728517,0.000085,0.000210,42.048168,86.833984,96.082862,136.003015,5.079525,7.944887,5.612154,5.182815,calls/second,milliseconds
1593710470,17668,136.003015,6.036862,0.000063,19.084028,0.000086,0.000245,42.153659,86.637293,96.082862,136.003015,5.075677,8.413036,5.747487,5.230555,calls/second,milliseconds
1593710475,17680,136.003015,6.743550,0.000063,20.131872,0.000087,0.000292,49.804540,86.420061,96.082862,136.003015,5.071839,7.916269,5.688853,5.213765,calls/second,milliseconds
1593710480,17696,136.003015,7.448478,0.000063,20.994329,0.000088,0.000348,67.021576,86.420061,96.082862,136.003015,5.069143,7.571159,5.654327,5.204825,calls/second,milliseconds
1593710485,17767,136.003015,6.881336,0.000063,20.245709,0.000087,0.000290,64.383728,86.151889,90.336769,136.003015,5.082224,7.973243,5.769129,5.245795,calls/second,milliseconds
1593710490,17835,136.003015,6.655903,0.000063,19.923802,0.000085,0.000273,66.110862,83.028540,86.956397,136.003015,5.094380,8.551062,5.925007,5.300943,calls/second,milliseconds
1593710495,17888,136.003015,6.418829,0.000063,19.618658,0.000085,0.000224,65.520205,83.028540,86.942503,136.003015,5.102236,8.698895,5.998972,5.329193,calls/second,milliseconds
1593710500,17900,136.003015,7.135938,0.000063,20.644149,0.000086,0.000290,66.812357,86.420061,88.182509,136.003015,5.098391,8.163281,5.932875,5.310748,calls/second,milliseconds
1593710505,17958,136.003015,6.919005,0.000063,20.367663,0.000085,0.000236,66.812357,86.420061,88.182509,130.817017,5.107634,8.486039,6.036462,5.348916,calls/second,milliseconds
1593710510,17967,136.003015,7.417017,0.000063,21.099612,0.000085,0.000285,67.419606,86.420061,88.182509,130.817017,5.102927,7.919471,5.959828,5.327038,calls/second,milliseconds
1593710515,17981,136.003015,8.083407,0.000063,21.748693,0.000086,0.000366,67.710296,86.670059,88.438137,130.817017,5.099653,7.542123,5.914212,5.315254,calls/second,milliseconds
1593710520,17992,136.003015,9.018437,0.000063,23.217303,0.000087,0.000653,69.162366,86.956397,96.143993,130.817017,5.095551,7.098999,5.849516,5.296887,calls/second,milliseconds
1593710525,18039,136.003015,8.256746,0.000063,22.495484,0.000087,0.000376,67.818538,87.418396,96.143993,130.817017,5.101647,7.298968,5.911506,5.320727,calls/second,milliseconds
1593710530,18047,136.003015,8.552163,0.000063,22.773220,0.000090,0.000456,68.045537,86.956397,96.143993,130.817017,5.096686,6.811322,5.833631,5.297898,calls/second,milliseconds
1593710535,18098,136.003015,7.827072,0.000063,21.624290,0.000092,0.000424,67.419606,86.670059,96.082862,118.355692,5.103893,7.114248,5.912412,5.327272,calls/second,milliseconds
1593710540,18110,155.720530,9.082150,0.000063,24.338578,0.000096,0.000578,77.253629,92.312719,106.595317,155.720530,5.100091,6.737317,5.854357,5.311055,calls/second,milliseconds
1593710545,18119,155.720530,9.331042,0.000063,24.391747,0.000098,0.001647,77.253629,91.789234,106.595317,155.720530,5.095440,6.342551,5.787345,5.291603,calls/second,milliseconds
